=~=~=~=~=~=~=~=~=~=~=~= PuTTY log 2021.05.21 18:59:22 =~=~=~=~=~=~=~=~=~=~=~=
323
3335
3363
3327
3359
3367
3379
3377
3365
3359
3365
3353
3351
3335
3327
3305
3295
3254
3251
3231
3203
3186
3159
3119
3087
3083
3063
30233327
3327
3327
3327
3327
3327
3327
3327
3327
3327
3327
3323
3327
3327
3331
3327
3327
3327
3327
3327
3327
3327
3331
3327
3327
3327
3327
3331
3327
3327
3327
3327
3327
3327
3327
3327
3327
3327
3327
3327
3331
3325
3327
3327
3327
3335
3327
3327
3327
3327
3327
3327
3331
3327
3327
3327
3327
3327
3327
3327
3327
3327
3327
3331
3327
3327
3327
3327
3327
3327
3327
3327
3327
3327
3327
3331
3327
3327
3327
3329
3327
3327
3327
3327
3327
3327
3330
3327
3327
3327
3327
3327
3327
3327
3331
3331
3327
3327
3327
3327
3327
3329
3327
3327
3327
3327
3327
3327
3327
3327
3327
3327
3331
3327
3327
3333
3327
3327
3327
3327
3327
3327
3327
3327
3327
3327
3327
3331
3327
3327
3327
3327
3327
3327
3327
3327
3327
3327
3331
3330
3327
3327
3331
3327
3327
3327
3327
3331
3327
3327
3327
3331
3327
3327
3327
3327
3327
3327
3327
3327
3331
3331
3327
3327
3327
3327
3327
3327
3327
3327
3331
3330
3327
3327
3327
3327
3327
3327
3331
3327
3331
3327
3330
3327
3327
3327
3330
3331
3329
3327
3327
3327
3331
3327
3327
3329
3327
3327
3327
3327
3327
3327
3330
3327
3327
3327
3327
3327
3327
3327
3327
3327
3327
3327
3327
3327
3327
3327
3327
3325
3327
3327
3329
3327
3327
3327
3327
3327
3327
3327
3327
3329
3327
3327
3327
3327
3330
3327
3327
3327
3327
3327
3327
3327
3327
3327
3327
3325
3327
3327
3327
3327
3327
3327
3327
3327
3325
3327
3331
3327
3327
3327
3327
3327
3327
3331
3327
3330
3327
3331
3327
3327
3327
3327
3327
3327
3327
3327
3327
3327
3327
3329
3327
3331
3327
3327
3327
3330
3327
3327
3327
3327
3331
3327
3327
3327
3327
3327
3327
3330
3327
3327
3327
3327
3327
3329
3327
3327
3327
3329
3327
3327
3327
3327
3329
3327
3327
3327
3327
3327
3327
3327
3327
3327
3327
3327
3325
3327
3327
3327
3329
3331
3327
3327
3327
3327
3327
3327
3329
3327
3327
3330
3327
3327
3327
3327
3329
3327
3327
3327
3329
3327
3327
3327
3327
3327
3327
3327
3327
3327
3329
3325
3327
3327
3327
3327
3327
3327
3327
3327
3327
3327
3327
3327
3327
3327
3327
3329
3327
3331
3327
3327
3335
3327
3327
3330
3327
3327
3331
3327
3327
3327
3327
3331
3327
3327
3327
3327
3327
3327
3327
3329
3327
3327
3327
3327
3327
3327
3327
3327
3327
3327
3330
3327
3327
3331
3327
3329
3327
3327
3327
3327
3327
3327
3327
3327
3327
3327
3327
3327
3331
3327
3327
3327
3327
3327
3329
3327
3327
3327
3327
3327
3327
3327
3327
3327
3327
3327
3327
3327
3329
3327
3331
3327
3327
3327
3327
3327
3330
3327
3327
3327
3329
3327
3327
3327
3327
3327
3327
3327
3327
3327
3327
3327
3327
3327
3327
3327
3327
3327
3330
3331
3327
3331
3331
3329
3329
3327
3331
3331
3327
3327
3331
3327
3327
3331
3331
3327
3331
3331
3331
3331
3331
3327
3331
3327
3327
3330
3331
3331
3327
3331
3331
3327
3329
3331
3327
3330
3331
3327
3331
3327
3331
3331
3331
3327
3331
3327
3330
3329
3329
3329
3331
3331
3327
3327
3327
3327
3331
3327
3331
3329
3331
3331
3327
3327
3331
3331
3331
3327
3331
3331
3329
3331
3327
3327
3331
3327
3327
3327
3329
3331
3331
3327
3327
3331
3327
3331
3330
3331
3329
3331
3331
3331
3331
3327
3331
3327
3331
3327
3331
3331
3331
3331
3327
3331
3331
3323
3329
3327
3329
3329
3331
3327
3327
3331
3330
3331
3327
3331
3333
3331
3331
3327
3329
3327
3331
3327
3331
3327
3327
3331
3327
3331
3331
3331
3327
3329
3327
3327
3331
3327
3331
3331
3331
3331
3329
3331
3331
3327
3331
3331
3331
3327
3331
3331
3331
3331
3331
3331
3331
3327
3327
3331
3331
3333
3327
3331
3327
3327
3331
3327
3331
3331
3331
3331
3331
3327
3327
3331
3331
3325
3327
3331
3331
3327
3331
3331
3329
3331
3327
3331
3331
3331
3331
3331
3331
3329
3331
3331
3329
3327
3331
3331
3331
3331
3331
3331
3331
3331
3327
3331
3331
3327
3331
3331
3327
3331
3331
3331
3329
3331
3327
3331
3331
3331
3327
3331
3331
3331
3327
3331
3327
3331
3335
3327
3327
3333
3331
3327
3331
3331
3331
3331
3327
3331
3329
3329
3329
3331
3329
3331
3327
3331
3327
3331
3331
3331
3331
3331
3331
3331
3327
3331
3331
3331
3332
3333
3327
3331
3327
3329
3331
3331
3327
3327
3331
3331
3327
3331
3327
3327
3331
3331
3331
3331
3331
3331
3329
3331
3331
3331
3329
3331
3327
3331
3331
3327
3331
3329
3331
3327
3331
3329
3331
3331
3331
3329
3330
3331
3331
3331
3331
3331
3331
3327
3331
3331
3331
3331
3331
3331
3331
3327
3331
3331
3333
3327
3331
3327
3331
3329
3331
3331
3333
3331
3331
3331
3327
3331
3327
3331
3333
3327
3329
3331
3327
3331
3327
3331
3331
3327
3331
3331
3331
3331
3327
3329
3327
3327
3327
3327
3327
3327
3331
3327
3327
3331
3327
3331
3327
3327
3327
3327
3327
3327
3327
3329
3327
3327
3327
3325
3331
3326
3327
3331
3327
3327
3327
3327
3329
3327
3327
3327
3327
3327
3327
3330
3327
3327
3329
3327
3327
3327
3327
3327
3327
3327
3329
3327
3327
3327
3327
3327
3327
3327
3331
3327
3327
3327
3327
3330
3327
3331
3327
3327
3327
3327
3327
3327
3327
3327
3331
3327
3327
3327
3327
3327
3330
3327
3327
3327
3327
3327
3330
3329
3327
3327
3327
3331
3327
3327
3329
3327
3331
3327
3327
3327
3330
3327
3327
3327
3327
3327
3327
3327
3329
3327
3327
3327
3329
3327
3327
3327
3327
3327
3331
3327
3327
3331
3327
3331
3327
3327
3327
3327
3327
3330
3329
3327
3327
3329
3329
3329
3327
3327
3323
3331
3327
3331
3327
3331
3327
3329
3327
3331
3327
3327
3327
3327
3327
3331
3329
3327
3327
3329
3327
3327
3331
3327
3327
3327
3330
3327
3329
3327
3327
3327
3329
3331
3327
3331
3327
3330
3327
3327
3327
3327
3327
3327
3327
3327
3330
3327
3327
3327
3327
3331
3327
3327
3331
3327
3327
3330
3330
3327
3327
3329
3327
3331
3327
3327
3331
3327
3331
3327
3327
3327
3325
3327
3327
3327
3327
3327
3327
3331
3327
3331
3327
3327
3327
3327
3327
3327
3327
3331
3327
3327
3327
3330
3327
3329
3327
3329
3327
3327
3327
3327
3327
3327
3331
3327
3329
3327
3327
3327
3327
3327
3330
3327
3327
3327
3327
3327
3327
3335
3331
3331
3331
3327
3331
3331
3331
3331
3327
3331
3331
3331
3329
3331
3327
3331
3327
3327
3331
3331
3331
3331
3331
3331
3331
3331
3327
3331
3331
3331
3327
3331
3327
3331
3331
3331
3331
3327
3333
3327
3327
3327
3327
3331
3327
3327
3331
3327
3331
3327
3331
3327
3331
3327
3331
3331
3331
3331
3329
3330
3331
3331
3330
3327
3331
3329
3329
3331
3327
3331
3331
3331
3331
3327
3333
3327
3329
3327
3331
3331
3331
3331
3331
3331
3329
3331
3327
3327
3327
3327
3331
3331
3333
3329
3331
3327
3331
3327
3331
3327
3327
3331
3329
3331
3331
3327
3327
3331
3327
3327
3327
3327
3331
3330
3331
3331
3329
3331
3331
3331
3331
3331
3330
3331
3331
3333
3331
3331
3327
3331
3331
3329
3331
3331
3331
3331
3327
3331
3331
3331
3331
3327
3331
3329
3327
3331
3331
3331
3327
3331
3331
3331
3325
3329
3329
3327
3327
3331
3331
3331
3327
3331
3329
3329
3327
3331
3327
3331
3327
3327
3331
3327
3330
3330
3331
3331
3331
3327
3333
3327
3331
3327
3330
3327
3331
3331
3327
3331
3331
3327
3331
3331
3331
3331
3327
3327
3331
3331
3331
3331
3331
3331
3331
3327
3331
3331
3327
3327
3327
3327
3331
3327
3327
3331
3327
3329
3331
3331
3327
3331
3331
3327
3331
3327
3331
3331
3327
3330
3330
3329
3327
3331
3327
3327
3327
3331
3327
3331
3331
3329
3327
3327
3331
3331
3331
3331
3327
3331
3327
3327
3331
3331
3331
3331
3327
3327
3331
3331
3327
3331
3331
3327
3331
3327
3331
3330
3323
3331
3331
3327
3331
3327
3327
3333
3327
3331
3327
3331
3327
3331
3331
3331
3327
3331
3331
3331
3331
3327
3331
3331
3331
3331
3327
3331
3331
3331
3331
3330
3327
3331
3327
3327
3331
3327
3331
3331
3331
3327
3327
3331
3327
3329
3331
3327
3331
3327
3331
3333
3331
3331
3331
3331
3331
3331
3331
3331
3329
3331
3327
3331
3331
3327
3331
3327
3331
3330
3327
3331
3331
3331
3327
3331
3327
3331
3331
3327
3331
3331
3331
3331
3331
3331
3331
3331
3327
3327
3327
3331
3327
3331
3331
3331
3331
3331
3331
3327
3331
3331
3331
3327
3331
3331
3329
3327
3331
3331
3327
3331
3331
3327
3331
3330
3331
3329
3331
3331
3331
3331
3331
3331
3327
3331
3331
3331
3327
3331
3329
3330
3327
3331
3329
3327
3331
3327
3331
3331
3331
3329
3327
3331
3331
3331
3331
3331
3331
3327
3331
3331
3327
3331
3331
3331
3327
3331
3331
3327
3331
3327
3331
3327
3331
3327
3330
3327
3331
3327
3327
3327
3327
3331
3331
3329
3327
3327
3332
3327
3331
3327
3331
3331
3331
3325
3331
3331
3331
3331
3327
3330
3327
3331
3333
3331
3331
3331
3331
3329
3327
3327
3329
3331
3331
3327
3327
3330
3331
3331
3333
3333
3331
3331
3327
3331
3329
3331
3331
3327
3331
3327
3329
3327
3327
3331
3330
3329
3331
3331
3327
3331
3327
3331
3331
3333
3331
3331
3331
3327
3331
3331
3327
3327
3331
3329
3327
3327
3331
3327
3331
3329
3331
3331
3331
3327
3331
3327
3331
3327
3331
3327
3331
3327
3331
3327
3331
3331
3327
3331
3331
3327
3327
3331
3331
3327
3327
3331
3327
3331
3331
3331
3327
3331
3327
3331
3329
3331
3331
3331
3329
3329
3331
3327
3331
3331
3331
3329
3331
3331
3327
3331
3331
3327
3331
3331
3331
3330
3327
3329
3331
3331
3331
3331
3331
3331
3331
3331
3331
3327
3331
3327
3331
3331
3330
3331
3331
3327
3331
3327
3331
3329
3331
3330
3331
3331
3331
3331
3331
3327
3331
3327
3331
3327
3327
3327
3330
3329
3332
3331
3331
3330
3327
3331
3331
3331
3330
3329
3331
3331
3331
3327
3331
3331
3327
3331
3331
3327
3327
3331
3331
3331
3331
3331
3329
3329
3327
3332
3331
3327
3327
3333
3327
3331
3327
3329
3327
3331
3330
3331
3327
3327
3327
3331
3327
3327
3331
3327
3329
3331
3331
3327
3331
3329
3327
3331
3327
3331
3331
3331
3331
3331
3327
3331
3327
3327
3327
3327
3331
3327
3331
3327
3327
3327
3327
3329
3331
3327
3331
3331
3331
3327
3331
3331
3331
3331
3327
3331
3331
3329
3331
3327
3331
3331
3327
3327
3327
3327
3329
3327
3329
3331
3331
3331
3327
3327
3331
3331
3331
3331
3331
3331
3327
3331
3331
3327
3331
3331
3327
3331
3331
3327
3331
3331
3327
3331
3330
3331
3327
3331
3331
3331
3331
3331
3327
3335
3327
3331
3331
3327
3330
3329
3327
3327
3327
3331
3331
3327
3335
3331
3327
3331
3327
3331
3331
3331
3327
3335
3329
3327
3327
3331
3327
3329
3331
3331
3331
3330
3327
3331
3331
3327
3329
3331
3327
3331
3331
3329
3327
3331
3331
3327
3331
3329
3331
3331
3329
3331
3331
3331
3331
3327
3331
3331
3327
3330
3329
3331
3331
3327
3327
3331
3331
3327
3331
3331
3327
3331
3331
3327
3331
3331
3331
3332
3331
3331
3331
3327
3331
3331
3329
3331
3327
3331
3331
3331
3331
3330
3331
3331
3331
3334
3330
3331
3331
3331
3331
3327
3331
3331
3331
3331
3331
3331
3331
3327
3331
3331
3327
3331
3327
3331
3331
3331
3327
3331
3331
3327
3331
3331
3331
3325
3331
3327
3331
3331
3331
3327
3331
3327
3331
3331
3331
3331
3331
3331
3331
3331
3331
3331
3331
3329
3331
3331
3331
3327
3327
3331
3331
3331
3327
3327
3327
3331
3331
3331
3327
3331
3331
3331
3331
3331
3331
3327
3331
3331
3327
3327
3327
3331
3331
3331
3327
3331
3331
3327
3327
3327
3331
3327
3327
3331
3327
3331
3327
3331
3327
3331
3327
3327
3331
3331
3327
3331
3327
3327
3327
3331
3331
3327
3327
3331
3331
3329
3331
3327
3331
3331
3331
3331
3329
3331
3331
3331
3331
3331
3331
3331
3327
3331
3325
3327
3331
3331
3327
3331
3327
3331
3331
3331
3327
3327
3331
3331
3331
3327
3327
3331
3331
3331
3327
3331
3330
3327
3331
3331
3327
3331
3331
3331
3330
3331
3327
3331
3331
3330
3326
3331
3327
3331
3329
3331
3327
3331
3330
3331
3327
3331
3331
3331
3331
3331
3331
3331
3327
3327
3331
3331
3329
3327
3331
3327
3331
3332
3331
3331
3331
3327
3327
3331
3331
3327
3327
3331
3331
3331
3327
3329
3331
3327
3327
3331
3327
3331
3331
3331
3331
3327
3331
3327
3331
3331
3327
3327
3331
3331
3331
3331
3331
3329
3331
3331
3327
3331
3327
3327
3331
3331
3331
3331
3331
3331
3327
3331
3331
3331
3327
3327
3331
3331
3331
3331
3329
3330
3331
3331
3327
3331
3327
3327
3331
3331
3331
3331
3327
3327
3331
3331
3327
3331
3327
3330
3331
3331
3331
3331
3331
3329
3331
3331
3331
3331
3331
3331
3327
3331
3331
3331
3331
3327
3331
3330
3331
3331
3327
3331
3331
3327
3331
3331
3325
3331
3331
3327
3327
3333
3327
3331
3329
3325
3331
3327
3331
3335
3327
3331
3327
3331
3327
3331
3331
3335
3331
3331
3331
3331
3327
3331
3331
3331
3327
3331
3331
3327
3331
3325
3331
3331
3327
3327
3327
3327
3327
3327
3327
3327
3327
3331
3327
3327
3327
3327
3327
3323
3327
3327
3327
3327
3327
3329
3327
3327
3327
3327
3327
3327
3327
3327
3327
3327
3331
3327
3327
3327
3327
3331
3327
3329
3327
3327
3327
3327
3327
3327
3327
3327
3327
3327
3327
3327
3329
3327
3327
3327
3331
3327
3327
3323
3327
3327
3327
3327
3327
3327
3327
3327
3327
3327
3327
3327
3327
3327
3327
3327
3327
3331
3327
3327
3327
3329
3331
3333
3335
3338
3343
3349
3358
3367
3383
3407
3435
3471
3533
3599
3687
3797
4015
4095
4095
4095
4095
4095
4095
4095
4095
4095
4095
4095
4095
4095
4095
4095
4095
4095
4095
4095
4095
4095
4095
4095
4095
4095
4095
4095
4095
4095
4095
4095
4095
4095
4095
4095
4095
4095
4095
4095
4095
4095
4095
4095
4095
4095
4095
4095
4095
4095
4095
4095
4095
4095
4095
4095
4095
4095
4095
4095
4095
4095
4095
4095
4095
4095
4095
4095
4095
4095
4095
4095
4095
4095
4095
4095
4095
4095
4095
4095
4095
4095
4095
4095
4095
4095
4095
4095
4095
4095
4095
4095
4095
4095
4095
4095
4095
4095
4095
4095
4095
4095
4095
4095
4095
4095
4095
4095
4095
4095
4095
4095
4095
4095
4095
4095
4095
4095
4095
4095
4095
4095
4095
4095
4095
4095
4095
4095
4095
4095
4095
4095
4095
4095
4095
4095
4095
4095
4095
4095
4095
4095
4095
4095
4095
4095
4095
4095
4095
4095
4095
4095
4095
4095
4095
4095
4095
4095
4095
4095
4095
4095
4095
4095
4095
4095
4095
4095
4095
4095
4095
4095
4095
4095
4095
4095
4095
4095
4095
4095
4095
4095
4095
4095
4095
4095
4095
4095
4095
4095
4095
4095
4095
4095
4095
4095
4095
4095
4095
4095
4095
4095
4095
4095
4095
4095
4095
4095
4095
4095
4095
4095
4095
4095
4095
4095
4095
4095
4095
4095
4095
4095
4095
4095
4095
4095
4095
4095
4095
4095
4095
4095
4095
4095
4095
4095
4095
4095
4095
4095
4095
4095
4095
4095
4095
4095
4095
4095
4095
4095
4095
4095
4095
4095
4095
4095
4095
4095
4095
4095
4095
4095
4095
4095
4095
4095
4095
4095
4095
4095
4095
4095
4095
4095
4095
4095
4095
4095
4095
4095
4095
4095
4095
4095
4095
4095
4095
4095
4095
4095
4095
4095
4095
4095
4095
4095
4095
4095
4095
4095
4095
4095
4095
4095
4095
4095
4095
4095
4095
4095
4095
4095
4095
4095
4095
4095
4095
4095
4095
4095
4095
4095
4095
4095
4095
4095
4095
4095
4095
4095
4095
4095
4095
4095
4095
4095
4095
4095
4095
4095
4095
4095
4095
4095
4095
4095
4095
4095
4095
4095
4095
4095
4095
4095
4095
4095
4095
4095
4095
4095
4095
4095
4095
4095
4095
4095
4095
4095
4095
4095
4095
4095
4095
4095
4095
4095
4095
4095
4095
4095
4095
4095
4095
4095
4095
4095
4095
4095
4095
4095
4095
4095
4095
4095
4095
4095
4095
4095
4095
4095
4095
4095
4095
4095
4095
4095
4095
4095
4095
4095
4095
4095
4095
4095
4095
4095
4095
4095
4095
4095
4095
4095
4095
4095
4095
4095
4095
4095
4095
4095
4095
4023
3847
3627
3527
3495
3485
3487
3499
3503
3519
3535
3551
3579
3591
3599
3627
3639
3663
3661
3659
3662
3669
3663
3659
3663
3659
3663
3647
3615
3601
3583
3559
3567
3559
3555
3487
3453
3439
3435
3431
3439
3437
3439
3437
3439
3439
3439
3431
3439
3439
3439
3439
3439
3437
3435
3437
3435
3439
3445
3447
3451
3455
3461
3461
3467
3475
3479
3477
3471
3471
3467
3467
3467
3467
3463
3454
3443
3421
3403
3391
3387
3381
3375
3371
3367
3359
3359
3357
3357
3355
3355
3355
3355
3357
3355
3359
3357
3355
3357
3357
3359
3357
3357
3359
3359
3359
3359
3363
3359
3359
3357
3353
3355
3355
3351
3351
3351
3349
3347
3343
3341
3339
3337
3335
3335
3335
3333
3333
3334
3335
3333
3335
3333
3333
3331
3331
3333
3327
3331
3331
3327
3327
3327
3327
3327
3327
3327
3325
3327
3327
3331
3327
3327
3327
3327
3327
3327
3327
3327
3325
3327
3327
3327
3327
3327
3327
3329
3327
3327
3331
3327
3327
3327
3327
3327
3331
3327
3331
3331
3331
3331
3331
3331
3333
3333
3335
3335
3335
3335
3335
3339
3339
3339
3341
3343
3347
3351
3353
3359
3367
3373
3381
3383
3387
3391
3391
3397
3407
3415
3421
3429
3439
3455
3469
3479
3503
3525
3535
3539
3535
3531
3523
3529
3539
3547
3565
3583
3599
3555
3543
3455
3327
3327
3327
3327
3327
3327
3327
3327
3327
3327
3327
3331
3327
3327
3327
3327
3329
3327
3327
3327
3327
3327
3327
3327
3327
3327
3327
3327
3327
3327
3327
3327
3327
3327
3327
3327
3327
3325
3327
3327
3327
3327
3327
3327
3327
3323
3327
3327
3327
3327
3327
3327
3331
3327
3327
3327
3327
3327
3327
3327
3327
3327
3327
3327
3327
3327
3327
3327
3327
3329
3327
3327
3333
3327
3327
3327
3327
3327
3327
3327
3327
3327
3327
3327
3327
3327
3327
3327
3327
3327
3327
3327
3327
3327
3327
3327
3327
3327
3327
3327
3325
3327
3327
3327
3327
3327
3327
3331
3327
3327
3327
3329
3327
3327
3327
3327
3327
3327
3327
3327
3327
3327
3327
3327
3327
3327
3327
3327
3327
3327
3327
3327
3327
3327
3327
3327
3327
3327
3327
3327
3327
3327
3327
3327
3327
3327
3327
3327
3327
3327
3327
3327
3327
3327
3327
3327
3327
3327
3327
3327
3327
3327
3327
3327
3327
3327
3327
3327
3327
3327
3327
3327
3327
3327
3327
3327
3327
3323
3327
3327
3327
3327
3327
3327
3327
3327
3327
3327
3327
3327
3327
3327
3327
3327
3327
3327
3327
3327
3327
3331
3331
3335
3335
3337
3335
3337
3337
3339
3339
3335
3337
3335
3335
3335
3333
3335
3333
3331
3331
3334
3327
3331
3327
3329
3327
3327
3327
3327
3327
3327
3327
3327
3327
3327
3327
3327
3327
3327
3327
3327
3327
3327
3327
3327
3327
3327
3327
3331
3327
3327
3327
3327
3327
3327
3327
3329
3327
3325
3327
3327
3327
3327
3327
3327
3327
3323
3327
3327
3327
3327
3327
3327
3323
3327
3327
3327
3327
3327
3327
3327
3327
3327
3327
3331
3327
3327
3327
3327
3327
3327
3327
3327
3327
3327
3329
3327
3327
3327
3327
3327
3327
3329
3327
3327
3327
3327
3327
3327
3327
3325
3327
3327
3327
3327
3327
3329
3327
3327
3327
3327
3327
3327
3327
3327
3327
3325
3327
3327
3327
3327
3327
3327
3327
3327
3327
3327
3327
3327
3327
3327
3327
3327
3327
3327
3327
3327
3327
3327
3327
3327
3327
3327
3327
3327
3327
3327
3327
3327
3327
3327
3327
3327
3327
3327
3327
3327
3327
3327
3327
3327
3327
3327
3327
3327
3327
3327
3327
3327
3327
3327
3325
3327
3329
3327
3327
3327
3327
3327
3331
3327
3327
3327
3327
3327
3327
3327
3327
3327
3327
3327
3327
3327
3327
3327
3327
3323
3327
3327
3327
3327
3327
3327
3327
3327
3327
3331
3327
3327
3327
3329
3327
3327
3327
3327
3327
3327
3327
3327
3327
3327
3327
3327
3327
3327
3327
3329
3327
3327
3327
3327
3327
3327
3329
3327
3327
3327
3327
3327
3327
3327
3327
3327
3327
3327
3327
3333
3327
3327
3327
3327
3327
3327
3327
3327
3327
3327
3327
3327
3327
3327
3327
3327
3327
3327
3327
3327
3327
3327
3331
3327
3329
3327
3327
3327
3327
3327
3327
3327
3327
3329
3327
3327
3327
3327
3327
3327
3327
3327
3327
3327
3327
3327
3327
3327
3323
3327
3327
3327
3327
3327
3327
3331
3327
3327
3327
3327
3327
3327
3327
3327
3327
3327
3327
3327
3327
3327
3327
3327
3327
3327
3327
3327
3327
3327
3327
3327
3327
3327
3331
3327
3327
3327
3327
3327
3327
3327
3327
3327
3327
3327
3327
3327
3327
3327
3327
3327
3327
3327
3327
3327
3327
3327
3327
3327
3327
3327
3327
3327
3327
3327
3327
3327
3329
3327
3327
3327
3327
3327
3327
3327
3327
3327
3327
3327
3327
3327
3327
3327
3327
3327
3327
3327
3331
3327
3327
3327
3327
3323
3327
3327
3327
3327
3327
3327
3327
3327
3327
3329
3327
3327
3327
3327
3327
3327
3327
3327
3327
3327
3327
3327
3327
3329
3327
3332
3327
3327
3327
3327
3327
3327
3327
3327
3327
3327
3327
3327
3327
3327
3327
3327
3327
3327
3327
3327
3327
3327
3327
3327
3327
3327
3327
3327
3327
3327
3331
3327
3327
3327
3327
3331
3327
3327
3325
3327
3327
3327
3327
3327
3327
3327
3327
3327
3327
3327
3327
3330
3327
3327
3327
3327
3327
3327
3327
3327
3327
3323
3327
3327
3327
3329
3327
3327
3327
3327
3327
3327
3331
3327
3327
3327
3327
3327
3327
3327
3327
3327
3327
3327
3327
3331
3327
3327
3327
3327
3327
3327
3331
3327
3327
3327
3327
3327
3327
3327
3327
3327
3327
3327
3327
3327
3327
3327
3327
3333
3327
3327
3327
3327
3327
3327
3327
3327
3327
3325
3327
3327
3327
3327
3327
3327
3327
3327
3327
3327
3327
3327
3327
3327
3331
3327
3327
3327
3327
3327
3327
3327
3327
3327
3327
3327
3327
3327
3327
3327
3327
3327
3327
3327
3327
3327
3327
3327
3327
3327
3331
3327
3329
3327
3327
3327
3327
3327
3327
3327
3327
3331
3327
3327
3327
3327
3330
3327
3327
3327
3327
3329
3327
3327
3327
3327
3327
3327
3327
3327
3327
3327
3330
3327
3333
3327
3327
3327
3327
3327
3327
3327
3327
3327
3327
3327
3335
3327
3327
3327
3327
3327
3327
3327
3327
3327
3327
3327
3327
3327
3327
3327
3327
3327
3327
3327
3327
3327
3327
3327
3331
3327
3327
3327
3327
3327
3327
3327
3327
3327
3329
3327
3327
3327
3327
3327
3327
3327
3327
3327
3327
3327
3327
3327
3327
3327
3327
3327
3327
3327
3327
3327
3327
3327
3327
3327
3327
3327
3327
3327
3327
3327
3327
3327
3327
3327
3331
3327
3327
3329
3327
3327
3327
3327
3327
3327
3327
3327
3327
3327
3327
3327
3327
3331
3327
3327
3327
3327
3327
3323
3327
3329
3327
3327
3331
3327
3331
3329
3327
3327
3327
3331
3327
3327
3327
3331
3327
3327
3327
3327
3327
3327
3327
3331
3327
3327
3327
3329
3327
3327
3327
3327
3327
3325
3327
3327
3327
3327
3327
3325
3327
3327
3327
3327
3327
3327
3327
3327
3327
3327
3327
3327
3327
3327
3327
3327
3331
3327
3329
3327
3327
3327
3327
3327
3327
3327
3327
3327
3327
3327
3327
3327
3327
3327
3331
3327
3327
3327
3327
3327
3327
3327
3327
3327
3327
3327
3327
3327
3327
3331
3327
3327
3327
3327
3327
3327
3327
3327
3327
3327
3327
3327
3327
3329
3327
3327
3327
3327
3330
3330
3327
3327
3327
3327
3327
3331
3327
3327
3327
3327
3327
3327
3327
3327
3327
3327
3327
3327
3327
3327
3327
3327
3327
3327
3327
3329
3327
3327
3331
3327
3327
3327
3327
3327
3327
3329
3327
3327
3327
3327
3327
3327
3327
3331
3335
3327
3327
3327
3327
3331
3387
3447
3367
3365
3383
3423
3503
3623
3835
4095
4095
4095
4095
4095
4095
4095
4095
4095
4095
4095
4095
4095
4095
4095
4095
4095
4095
4095
4095
4095
4095
4095
4095
4095
4095
4095
4095
4095
4095
4095
4095
4095
4095
4095
4095
4095
4095
4095
4095
4095
4095
4095
4095
4095
4095
3771
3343
3331
3325
3325
3325
3327
3327
3327
3331
3335
3351
3375
3913
4095
4095
4095
4095
4095
4095
4095
4095
4095
4095
4095
4095
4095
4095
4095
4095
4095
4095
4095
4095
4095
4095
3683
3577
3413
3339
3397
3385
3375
3371
3365
3374
3387
3398
3403
3423
3451
3477
3591
3671
3739
3591
3597
3835
4095
4095
4095
4095
4095
4095
4095
4095
4095
4095
3691
3331
3707
3843
3989
4095
4095
4095
4095
3359
3343
3335
3327
3327
3327
3327
3327
3327
3327
3327
3327
3327
3327
3327
3327
3327
3327
3327
3327
3327
3327
3327
3327
3327
3323
3327
3327
3327
3327
3327
3327
3327
3327
3327
3327
3327
3327
3327
3327
3327
3327
3327
3327
3327
3327
3327
3327
3327
3327
3327
3327
3327
3327
3327
3327
3327
3327
3327
3327
3327
3327
3325
3327
3327
3327
3327
3329
3327
3327
3327
3327
3327
3327
3327
3327
3327
3327
3327
3327
3327
3327
3327
3327
3327
3327
3327
3327
3327
3327
3327
3327
3327
3327
3327
3327
3327
3327
3327
3327
3327
3327
3327
3327
3327
3327
3327
3327
3327
3326
3327
3327
3327
3327
3327
3327
3327
3327
3327
3327
3327
3331
3327
3327
3327
3327
3327
3327
3327
3327
3327
3327
3327
3327
3327
3327
3327
3327
3327
3327
3327
3327
3327
3327
3327
3327
3327
3327
3327
3331
3325
3327
3327
3327
3327
3327
3327
3327
3323
3327
3327
3327
3327
3327
3327
3327
3327
3327
3327
3327
3327
3327
3327
3327
3327
3331
3327
3327
3327
3327
3327
3327
3325
3327
3327
3327
3327
3327
3327
3331
3327
3327
3327
3327
3327
3327
3327
3327
3327
3327
3327
3327
3325
3327
3327
3327
3327
3327
3327
3327
3327
3327
3327
3327
3327
3327
3327
3327
3327
3327
3327
3327
3327
3330
3327
3327
3327
3327
3327
3327
3327
3327
3327
3327
3327
3327
3327
3327
3327
3327
3327
3327
3327
3327
3327
3327
3327
3327
3327
3327
3327
3327
3327
3327
3327
3327
3327
3327
3327
3327
3327
3327
3327
3327
3327
3327
3327
3333
3327
3327
3327
3327
3331
3327
3327
3327
3327
3327
3327
3327
3327
3327
3327
3327
3327
3327
3327
3327
3327
3327
3327
3327
3327
3327
3327
3331
3327
3327
3327
3327
3327
3327
3327
3327
3327
3327
3327
3327
3327
3327
3327
3327
3327
3327
3327
3327
3327
3327
3327
3327
3327
3327
3327
3327
3327
3327
3327
3327
3326
3327
3327
3327
3327
3327
3331
3327
3327
3327
3327
3327
3327
3327
3327
3327
3327
3327
3327
3327
3327
3327
3327
3327
3327
3327
3323
3327
3327
3327
3327
3327
3327
3327
3327
3327
3327
3327
3327
3327
3327
3327
3327
3327
3327
3327
3327
3327
3327
3327
3327
3327
3327
3327
3327
3327
3327
3327
3327
3327
3327
3327
3327
3327
3327
3327
3327
3327
3327
3327
3327
3327
3327
3327
3327
3327
3327
3327
3327
3323
3327
3327
3327
3327
3327
3327
3327
3327
3325
3327
3327
3327
3327
3327
3327
3327
3327
3331
3327
3327
3327
3327
3327
3329
3327
3327
3327
3327
3327
3327
3327
3327
3327
3327
3327
3327
3327
3327
3327
3327
3327
3327
3327
3327
3327
3327
3327
3327
3327
3327
3327
3327
3327
3327
3327
3327
3327
3327
3327
3327
3329
3327
3327
3327
3327
3327
3327
3327
3327
3327
3327
3327
3327
3327
3327
3327
3327
3327
3327
3327
3327
3327
3323
3327
3331
3327
3327
3329
3327
3323
3327
3327
3327
3327
3327
3327
3327
3327
3327
3327
3327
3327
3327
3327
3329
3327
3327
3327
3327
3327
3327
3327
3327
3327
3327
3327
3327
3327
3327
3327
3327
3327
3327
3327
3327
3327
3327
3327
3327
3327
3327
3327
3327
3327
3327
3327
3327
3327
3327
3327
3327
3327
3327
3327
3327
3327
3327
3327
3327
3327
3327
3327
3327
3327
3327
3327
3327
3327
3327
3327
3327
3327
3328
3327
3327
3327
3327
3327
3327
3327
3327
3327
3327
3327
3327
3327
3327
3327
3327
3327
3327
3327
3327
3327
3327
3327
3327
3327
3327
3327
3327
3327
3327
3327
3327
3327
3327
3329
3327
3327
3327
3327
3327
3327
3327
3327
3327
3327
3327
3327
3327
3327
3327
3327
3327
3327
3327
3327
3327
3327
3327
3327
3327
3327
3327
3327
3329
3327
3327
3327
3327
3327
3327
3327
3327
3327
3327
3327
3327
3327
3331
3327
3327
3329
3327
3327
3327
3327
3327
3327
3327
3327
3327
3327
3327
3327
3327
3327
3331
3327
3327
3327
3327
3327
3327
3327
3327
3327
3327
3329
3327
3327
3327
3327
3327
3327
3327
3327
3327
3327
3327
3327
3327
3327
3327
3327
3327
3327
3327
3327
3327
3327
3327
3327
3327
3327
3327
3329
3327
3327
3327
3329
3327
3327
3327
3327
3327
3327
3327
3327
3327
3327
3327
3327
3327
3327
3327
3327
3327
3327
3331
3327
3327
3327
3327
3327
3327
3327
3327
3327
3327
3327
3327
3327
3327
3327
3327
3327
3327
3327
3327
3327
3327
3327
3327
3327
3327
3327
3327
3327
3327
3327
3327
3327
3327
3327
3327
3329
3327
3327
3327
3327
3327
3327
3327
3327
3327
3327
3327
3327
3333
3331
3327
3327
3327
3327
3327
3327
3331
3327
3327
3327
3327
3327
3327
3327
3327
3327
3327
3329
3327
3327
3327
3327
3327
3327
3327
3327
3327
3327
3327
3327
3327
3327
3327
3327
3327
3327
3327
3327
3327
3327
3327
3327
3327
3327
3327
3329
3327
3327
3327
3327
3327
3327
3327
3331
3327
3327
3327
3327
3327
3327
3327
3327
3327
3327
3327
3327
3327
3331
3327
3327
3327
3327
3327
3327
3327
3327
3329
3327
3327
3331
3327
3327
3327
3327
3327
3327
3327
3327
3327
3329
3327
3327
3327
3327
3327
3327
3327
3327
3327
3327
3327
3327
3327
3327
3327
3327
3327
3327
3327
3327
3329
3327
3327
3327
3327
3327
3327
3327
3327
3329
3327
3327
3327
3327
3327
3327
3327
3331
3327
3327
3327
3327
3327
3327
3327
3327
3327
3327
3327
3327
3327
3327
3327
3327
3327
3327
3327
3329
3327
3327
3327
3327
3327
3327
3327
3325
3327
3327
3327
3327
3327
3327
3327
3327
3327
3327
3327
3327
3327
3327
3327
3327
3327
3327
3327
3327
3325
3327
3327
3327
3327
3327
3327
3331
3327
3327
3327
3327
3327
3327
3327
3327
3327
3327
3327
3327
3327
3327
3327
3327
3327
3327
3327
3327
3327
3327
3327
3327
3327
3327
3331
3327
3327
3327
3327
3327
3327
3327
3331
3327
3327
3327
3327
3327
3327
3327
3327
3327
3327
3327
3327
3327
3327
3327
3327
3327
3327
3327
3327
3327
3327
3327
3329
3327
3327
3327
3327
3327
3327
3327
3327
3327
3331
3327
3327
3327
3327
3327
3327
3327
3327
3327
3327
3327
3327
3327
3327
3327
3327
3327
3327
3327
3327
3331
3327
3331
3327
3327
3327
3327
3327
3329
3327
3327
3327
3327
3327
3327
3327
3327
3327
3327
3327
3327
3327
3327
3327
3327
3327
3331
3327
3327
3327
3327
3327
3327
3327
3327
3327
3327
3327
3327
3327
3327
3327
3327
3327
3327
3327
3329
3327
3327
3327
3327
3327
3327
3327
3327
3327
3327
3327
3327
3327
3327
3327
3327
3327
3327
3327
3327
3327
3327
3327
3327
3327
3327
3330
3327
3327
3327
3327
3327
3327
3330
3331
3327
3327
3327
3327
3327
3327
3327
3327
3327
3327
3327
3327
3327
3331
3331
3327
3327
3327
3327
3329
3327
3327
3327
3327
3331
3327
3327
3331
3327
3327
3331
3327
3331
3330
3327
3327
3327
3327
3327
3327
3327
3331
3327
3327
3331
3331
3327
3330
3327
3327
3331
3327
3331
3327
3327
3327
3327
3331
3327
3331
3331
3331
3327
3327
3333
3327
3327
3327
3329
3327
3325
3327
3331
3327
3327
3330
3330
3327
3327
3330
3327
3327
3327
3327
3331
3327
3327
3327
3331
3331
3329
3327
3331
3329
3327
3327
3327
3331
3329
3331
3331
3327
3327
3329
3331
3327
3329
3327
3331
3327
3327
3331
3331
3327
3329
3331
3331
3331
3327
3331
3331
3327
3327
3327
3331
3327
3329
3327
3329
3331
3329
3327
3327
3327
3331
3327
3331
3331
3333
3327
3330
3327
3331
3329
3327
3331
3327
3331
3327
3331
3327
3329
3327
3327
3327
3332
3327
3330
3327
3331
3327
3327
3331
3327
3330
3327
3330
3331
3327
3327
3327
3327
3327
3327
3331
3327
3327
3331
3329
3327
3327
3331
3327
3327
3331
3327
3331
3327
3327
3327
3327
3330
3327
3327
3327
3329
3330
3329
3327
3331
3329
3330
3327
3327
3325
3329
3327
3327
3331
3327
3330
3331
3327
3327
3327
3327
3331
3331
3327
3327
3327
3331
3327
3327
3329
3331
3327
3327
3327
3329
3327
3327
3327
3331
3331
3331
3333
3327
3331
3327
3331
3331
3327
3329
3333
3327
3330
3329
3327
3327
3327
3327
3330
3327
3327
3327
3331
3331
3331
3327
3331
3329
3327
3327
3331
3327
3331
3331
3327
3327
3330
3327
3333
3327
3327
3331
3331
3327
3327
3331
3330
3327
3331
3327
3331
3329
3327
3331
3331
3329
3327
3331
3327
3331
3331
3327
3327
3325
3331
3331
3327
3327
3331
3331
3331
3327
3331
3327
3331
3331
3327
3331
3331
3327
3327
3327
3331
3327
3331
3327
3330
3327
3329
3327
3327
3327
3329
3327
3327
3327
3327
3333
3327
3327
3327
3331
3327
3331
3331
3327
3327
3331
3330
3327
3331
3327
3331
3327
3327
3331
3327
3331
3327
3331
3327
3329
3327
3327
3327
3327
3333
3331
3327
3327
3327
3331
3331
3327
3331
3331
3327
3329
3327
3327
3327
3331
3331
3327
3331
3327
3331
3327
3327
3331
3331
3329
3331
3327
3327
3331
3329
3327
3327
3327
3329
3327
3330
3331
3327
3327
3330
3327
3327
3327
3327
3329
3327
3333
3330
3327
3331
3327
3329
3327
3327
3327
3327
3327
3331
3325
3327
3329
3331
3327
3327
3327
3327
3327
3327
3327
3331
3327
3331
3327
3331
3330
3327
3327
3327
3327
3327
3331
3327
3331
3327
3330
3327
3327
3327
3327
3327
3327
3327
3327
3327
3327
3327
3327
3327
3330
3327
3327
3327
3327
3327
3325
3327
3327
3327
3327
3327
3327
3327
3327
3327
3327
3327
3327
3327
3327
3327
3325
3327
3327
3327
3327
3331
3327
3331
3327
3327
3327
3331
3327
3327
3327
3327
3327
3327
3327
3327
3327
3330
3327
3327
3331
3331
3331
3327
3327
3327
3331
3327
3331
3327
3327
3331
3329
3331
3331
3331
3327
3329
3327
3331
3330
3327
3331
3327
3331
3329
3327
3327
3327
3327
3327
3331
3331
3327
3329
3327
3327
3331
3329
3329
3331
3327
3329
3327
3327
3327
3327
3327
3327
3327
3327
3331
3327
3329
3327
3327
3327
3325
3331
3330
3331
3327
3330
3327
3331
3327
3329
3327
3327
3331
3329
3331
3327
3331
3331
3327
3331
3327
3327
3331
3329
3327
3331
3327
3331
3329
3327
3331
3327
3331
3330
3327
3330
3327
3327
3331
3327
3327
3327
3327
3327
3327
3331
3331
3327
3327
3327
3331
3331
3327
3327
3327
3327
3331
3331
3327
3327
3327
3327
3327
3327
3330
3327
3327
3327
3327
3329
3331
3331
3327
3327
3327
3327
3327
3327
3327
3327
3327
3327
3327
3327
3327
3327
3327
3327
3329
3327
3327
3327
3327
3327
3329
3327
3327
3327
3327
3327
3327
3327
3327
3327
3327
3327
3327
3327
3327
3327
3327
3327
3327
3323
3327
3327
3327
3327
3327
3327
3327
3327
3327
3327
3327
3327
3327
3327
3327
3331
3329
3327
3331
3327
3327
3327
3327
3327
3327
3325
3327
3327
3327
3329
3327
3327
3327
3327
3327
3327
3327
3325
3327
3327
3327
3327
3327
3327
3327
3327
3333
3327
3327
3327
3327
3327
3333
3327
3327
3327
3327
3327
3327
3327
3331
3327
3327
3327
3327
3329
3327
3327
3327
3327
3327
3329
3327
3327
3330
3327
3327
3327
3327
3327
3327
3327
3327
3327
3327
3327
3327
3327
3327
3327
3327
3329
3327
3327
3327
3327
3327
3327
3327
3327
3327
3327
3327
3327
3327
3327
3327
3327
3327
3327
3327
3325
3327
3327
3327
3329
3327
3327
3327
3327
3325
3327
3331
3327
3327
3327
3327
3327
3327
3327
3327
3327
3327
3327
3327
3327
3327
3327
3330
3327
3327
3327
3327
3327
3327
3331
3327
3327
3327
3329
3327
3327
3327
3327
3327
3327
3329
3327
3327
3327
3331
3327
3327
3327
3327
3327
3327
3327
3327
3327
3327
3327
3327
3325
3327
3327
3327
3327
3327
3327
3327
3327
3327
3327
3327
3333
3328
3327
3327
3327
3327
3327
3327
3327
3327
3327
3327
3327
3327
3327
3327
3327
3327
3327
3327
3327
3327
3327
3327
3327
3327
3327
3327
3327
3327
3327
3327
3327
3327
3327
3327
3327
3327
3327
3327
3329
3327
3327
3327
3327
3329
3329
3327
3327
3325
3327
3327
3327
3327
3327
3327
3327
3327
3327
3327
3327
3327
3327
3327
3327
3327
3327
3327
3327
3327
3327
3327
3327
3330
3327
3327
3327
3327
3327
3331
3327
3327
3327
3327
3329
3327
3330
3327
3333
3327
3327
3331
3327
3327
3327
3327
3327
3331
3327
3327
3327
3327
3327
3329
3327
3331
3327
3327
3329
3329
3327
3331
3327
3330
3327
3327
3327
3331
3331
3327
3330
3331
3333
3331
3327
3331
3327
3329
3327
3327
3331
3323
3327
3327
3327
3327
3329
3327
3327
3331
3330
3327
3327
3331
3327
3331
3327
3331
3327
3331
3327
3327
3327
3331
3327
3331
3327
3327
3327
3327
3331
3331
3327
3331
3327
3327
3327
3327
3327
3327
3331
3331
3327
3327
3327
3331
3327
3331
3327
3331
3327
3327
3331
3327
3331
3327
3331
3327
3329
3327
3333
3329
3327
3331
3331
3327
3327
3327
3327
3327
3327
3327
3331
3327
3327
3329
3327
3331
3331
3331
3331
3327
3327
3327
3331
3331
3327
3325
3327
3329
3327
3331
3331
3327
3327
3327
3327
3333
3327
3327
3327
3327
3327
3331
3327
3331
3333
3327
3327
3331
3331
3329
3327
3331
3327
3327
3327
3330
3327
3327
3331
3327
3327
3327
3327
3331
3327
3327
3327
3331
3327
3329
3330
3327
3331
3327
3327
3327
3331
3331
3327
3327
3331
3327
3331
3327
3331
3327
3327
3330
3331
3327
3331
3327
3334
3331
3331
3331
3327
3329
3331
3327
3331
3327
3331
3331
3331
3327
3331
3327
3331
3327
3327
3334
3331
3329
3327
3331
3331
3327
3327
3325
3331
3327
3331
3327
3329
3331
3329
3327
3331
3327
3329
3330
3327
3327
3327
3331
3327
3331
3327
3331
3331
3327
3327
3331
3330
3327
3327
3327
3327
3327
3327
3331
3327
3331
3327
3331
3327
3327
3327
3327
3331
3327
3327
3327
3327
3327
3327
3327
3327
3327
3331
3330
3329
3327
3325
3327
3331
3331
3327
3331
3327
3331
3331
3327
3327
3327
3327
3329
3331
3327
3327
3327
3331
3331
3331
3331
3327
3331
3333
3327
3327
3331
3327
3331
3330
3331
3331
3327
3327
3331
3331
3331
3327
3330
3331
3327
3331
3331
3329
3331
3327
3327
3327
3331
3327
3331
3327
3331
3327
3327
3331
3329
3327
3331
3327
3327
3330
3327
3327
3327
3331
3331
3327
3327
3331
3327
3331
3327
3327
3327
3327
3325
3329
3325
3329
3327
3330
3331
3327
3329
3327
3327
3325
3327
3327
3327
3327
3327
3330
3327
3331
3327
3327
3327
3331
3331
3327
3331
3330
3327
3333
3327
3331
3327
3331
3327
3327
3329
3327
3327
3331
3323
3327
3327
3331
3327
3329
3327
3327
3329
3327
3331
3327
3327
3331
3331
3327
3331
3323
3327
3327
3327
3331
3327
3327
3327
3331
3331
3331
3327
3327
3327
3331
3327
3327
3331
3325
3327
3327
3331
3331
3327
3331
3327
3327
3331
3331
3327
3335
3325
3327
3327
3327
3331
3327
3325
3331
3331
3329
3327
3325
3327
3327
3327
3327
3331
3331
3327
3327
3331
3327
3327
3327
3327
3327
3327
3327
3327
3327
3331
3330
3327
3331
3327
3327
3327
3331
3331
3327
3331
3327
3331
3327
3327
3330
3331
3327
3335
3327
3327
3331
3327
3331
3327
3327
3329
3327
3327
3331
3331
3327
3327
3331
3331
3327
3327
3327
3331
3331
3327
3329
3323
3327
3331
3327
3331
3327
3327
3331
3327
3333
3327
3327
3327
3331
3327
3331
3327
3327
3327
3327
3327
3331
3331
3327
3330
3327
3331
3327
3331
3327
3327
3327
3327
3329
3327
3327
3327
3327
3327
3327
3331
3327
3327
3331
3327
3327
3331
3331
3327
3327
3327
3331
3330
3327
3331
3327
3327
3330
3327
3327
3330
3331
3327
3331
3327
3327
3327
3331
3327
3331
3327
3329
3327
3331
3329
3331
3327
3331
3327
3329
3327
3327
3327
3327
3331
3327
3331
3331
3331
3327
3329
3327
3331
3327
3327
3331
3327
3331
3329
3329
3331
3331
3327
3327
3329
3327
3333
3329
3329
3331
3331
3327
3327
3331
3327
3333
3331
3327
3331
3331
3327
3327
3331
3331
3331
3327
3327
3327
3331
3327
3327
3331
3327
3331
3327
3327
3329
3327
3327
3331
3329
3327
3327
3327
3331
3327
3327
3331
3327
3331
3327
3327
3327
3331
3327
3331
3327
3331
3330
3330
3331
3327
3327
3330
3329
3327
3331
3331
3331
3327
3327
3330
3327
3327
3327
3327
3327
3327
3327
3327
3331
3327
3327
3327
3331
3331
3331
3329
3327
3327
3327
3327
3331
3327
3331
3329
3327
3331
3327
3331
3327
3331
3327
3331
3327
3327
3331
3327
3331
3331
3327
3331
3333
3331
3327
3330
3327
3327
3327
3327
3327
3327
3327
3331
3327
3327
3327
3331
3331
3327
3327
3327
3331
3327
3331
3327
3331
3327
3331
3327
3331
3327
3329
3331
3327
3327
3331
3329
3331
3327
3327
3330
3331
3331
3331
3327
3331
3331
3330
3327
3327
3327
3331
3327
3327
3327
3329
3327
3327
3327
3331
3327
3331
3327
3329
3327
3327
3333
3327
3329
3327
3327
3331
3330
3329
3329
3327
3331
3327
3331
3329
3327
3327
3330
3327
3327
3331
3327
3331
3331
3327
3327
3331
3330
3327
3331
3327
3331
3327
3327
3327
3327
3329
3331
3327
3327
3327
3331
3327
3327
3327
3331
3327
3331
3327
3327
3331
3327
3327
3327
3331
3327
3331
3327
3331
3327
3327
3327
3331
3327
3331
3327
3331
3327
3329
3327
3330
3327
3329
3327
3331
3327
3331
3329
3327
3327
3327
3329
3329
3331
3327
3327
3331
3331
3331
3327
3327
3330
3327
3327
3327
3331
3331
3327
3327
3331
3331
3330
3327
3331
3327
3331
3327
3327
3327
3327
3327
3327
3327
3331
3327
3329
3327
3327
3327
3329
3331
3327
3327
3327
3329
3327
3327
3331
3327
3331
3327
3331
3331
3329
3327
3327
3327
3331
3327
3327
3331
3331
3327
3329
3327
3331
3327
3327
3327
3327
3329
3327
3327
3327
3327
3327
3327
3327
3327
3331
3327
3327
3327
3327
3327
3327
3327
3327
3331
3331
3333
3334
3335
3343
3357
3371
3391
3431
3509
3647
3817
3967
4095
4095
4095
4095
4095
4095
4095
4095
4095
4095
4095
4095
4095
4095
4095
4095
4095
4095
4095
4095
4095
4095
4095
4095
4095
4095
4095
4095
4095
4095
4095
4095
4095
4095
4095
4095
4095
4095
4095
4095
4095
4095
4095
4095
4095
4095
4095
4095
4095
4095
4095
4095
4095
4095
4095
4095
4095
4095
4095
4095
4095
4095
4095
4095
4095
4095
4095
4095
4095
4095
4095
4095
4095
4095
4095
4095
4095
4095
4095
4095
4095
4095
4095
4095
4095
4095
4095
4095
4095
4095
4095
4095
4095
4095
4095
4095
4095
4095
4095
4095
4095
4095
4095
4095
4095
4095
4095
4095
4095
4095
4095
4095
4095
4095
4095
4095
4095
4095
4095
4095
4095
4095
4095
4095
4095
4095
4095
4095
4095
4095
4095
4095
4095
4095
4095
4095
4095
4095
4095
4095
4095
4095
4095
4095
4095
4095
4095
4095
4095
4095
4095
4095
4095
4095
4095
4095
4095
4095
4095
4095
4095
4095
4095
4095
4095
4095
4095
4095
4095
4095
4095
4095
4095
4095
4095
4095
4095
4095
4095
4095
4095
4095
4095
4095
4095
4095
4095
4095
4095
4095
4095
4095
4095
4095
4095
4095
4095
4095
4095
4095
4095
4095
4095
4095
4095
4095
4095
4095
4095
4095
4095
4095
4095
4095
4095
4095
4095
4095
4095
4095
4095
4095
4095
4095
4095
4095
4095
4095
4095
4095
4095
4095
4095
4095
4095
4095
4095
4095
4095
4095
4095
4095
4095
4095
4095
4095
4095
4095
4095
4095
4095
4095
4095
4095
4095
4095
4095
4095
4095
4095
4095
4095
4095
4095
4095
4095
4095
4095
4095
4095
4095
4095
4095
4095
4095
4095
4095
4095
4095
4095
4095
4095
4095
4095
4095
4095
4095
4095
4095
4095
4095
4095
4095
4095
4095
4095
4095
4095
4095
4095
4095
4095
4095
4095
4095
4095
4095
4095
4095
4095
4095
4095
4095
4095
4095
4095
3419
3339
3337
3339
3339
3338
3341
3343
3347
3349
3353
3355
3359
3367
3373
3383
3391
3407
3415
3429
3445
3467
3487
3510
3535
3582
3609
3651
3677
3709
3735
3709
3737
3735
3733
3707
3647
3579
3559
3519
3519
3483
3451
3429
3411
3398
3389
3379
3375
3375
3375
3375
3387
3383
4095
4095
3939
3691
3603
3575
3767
3789
3711
3839
3879
4015
4095
4095
4095
4095
4095
4095
4095
4095
4095
4095
4095
4095
4095
4095
4095
4095
4095
4095
4095
4095
4095
4095
4095
4095
4095
4095
4095
4095
4095
4095
4095
4095
4095
4095
4095
4095
4095
4095
4095
4095
4095
4095
4095
4095
4095
4095
4095
4095
4095
4095
4095
4095
4095
4095
4095
4095
4095
4095
4095
4095
4095
4095
4095
4095
4095
4095
4095
4095
4095
4095
4095
4095
3863
3671
3437
3317
3175
3073
3143
3211
3303
3353
3411
3467
3289
3151
2987
2829
2711
2613
2523
2499
2751
3115
3399
3661
3805
3995
4095
4095
4095
4095
4095
4095
4095
4095
4095
4095
4095
4095
4095
4095
4095
4095
4095
4095
4095
4095
4095
4095
4095
4095
4095
4095
4095
4095
4095
4095
4095
4095
4095
4071
3987
3898
3861
3815
3759
3726
3671
3639
3637
3631
3631
3643
3691
3711
3723
3751
3743
3759
3759
3747
3771
3759
3739
3645
3547
3575
3603
3611
3647
3671
3693
3661
3731
3731
3729
3745
3742
3747
3717
3687
3677
3677
3655
3613
3603
3651
3723
3787
3817
3751
3687
3607
3609
3523
3463
3399
3323
3263
3213
3151
3159
3119
3153
3131
3122
3053
3035
3007
2979
2983
2975
2943
2957
2979
2983
3007
2967
2911
2887
2851
2831
2823
2727
2653
2559
2507
2503
2491
2505
2437
2503
2483
2551
2606
2653
2701
2727
2823
2943
3031
3053
3155
3189
3219
3199
3111
2935
3006
3029
3059
3083
3065
3083
3079
3071
3075
3079
3079
3087
3103
3119
3111
3107
3099
3125
3117
3087
3117
3127
2923
2623
2514
2535
2539
2549
2559
2591
2633
2659
2637
2655
2654
2702
2727
2771
2783
2827
2831
2903
2919
2935
2939
2975
2991
3021
3071
3117
3183
3231
3231
3290
3316
3327
3331
3345
3323
3271
3099
2931
2775
2633
2559
2417
2341
2383
2349
2314
2303
2309
2316
2331
2333
2333
2101
2083
2083
2043
2071
2175
2269
2213
2403
2447
2475
2493
2503
2514
2541
2527
2569
2575
2573
2551
2555
2553
2511
2513
2523
2518
2547
2553
2525
2537
2487
2518
2499
2502
2485
2489
2495
2467
2467
2455
2343
2431
2287
2383
2415
2379
2391
2379
2334
2353
2329
2333
2319
2229
2267
2311
2291
2281
2335
2283
2274
2295
2299
2301
2281
2107
2297
2275
2163
2297
2245
2226
2285
2267
2281
2283
2267
2230
2275
2263
2281
2263
2269
2249
2279
2291
2315
2348
2379
2363
2379
2379
2349
2383
2365
2379
2397
2417
2409
2409
2419
2431
2459
2503
2523
2563
2625
2634
2633
2679
2675
2711
2669
2694
2703
2709
2741
2739
2779
2767
2767
2789
2799
2791
2767
2765
2773
2787
2767
2749
2742
2767
2777
2789
2759
2747
2747
2725
2729
2725
2711
2695
2679
2631
2641
2639
2627
2623
2591
2579
2579
2543
2543
2525
2515
2514
2471
2467
2463
2435
2429
2455
2433
2439
2410
2426
2382
2407
2407
2395
2399
2367
2347
2369
2382
2381
2358
2303
2343
2386
2375
2381
2387
2379
2387
2387
2379
2397
2387
2407
2411
2419
2415
2419
2427
2442
2447
2471
2435
2439
2443
2478
2467
2475
2491
2495
2493
2494
2473
2483
2475
2467
2471
2471
2469
2457
2455
2451
2452
2471
2455
2459
2459
2463
2451
2457
2471
2468
2470
2485
2495
2505
2506
2517
2543
2549
2557
2589
2583
2579
2571
2615
2631
2655
2651
2647
2699
2715
2717
2717
2731
2741
2751
2773
2779
2803
2775
2823
2830
2859
2843
2851
2887
2867
2867
2891
2917
2899
2919
2933
2927
2991
3015
3075
3091
3077
3085
3111
3111
3071
3101
3119
3099
3071
3047
3027
3015
3013
3007
2943
2919
2971
2923
2927
2925
2895
2874
2859
2859
2877
2863
2887
2905
2885
2898
2891
2875
2857
2855
2869
2839
2826
2813
2791
2771
2747
2735
2719
2699
2687
2639
2637
2647
2631
2615
2619
2603
2601
2595
2591
2593
2586
2597
2611
2609
2609
2627
2646
2679
2719
2763
2779
2802
2831
2835
2859
2863
2886
2865
2871
2869
2883
2887
2889
2878
2879
2914
2970
2959
3031
3031
3075
3095
3082
3091
3103
3111
3103
3101
3109
3087
3099
3079
3054
3047
3047
3007
3035
2991
2991
2971
2971
2967
2981
2971
2975
2947
2939
2906
2859
2863
2838
2835
2819
2795
2787
2799
2787
2763
2747
2743
2751
2724
2745
2717
2715
2717
2711
2703
2719
2727
2713
2699
2707
2719
2699
2707
2731
2769
2787
2815
2823
2843
2831
2845
2835
2811
2819
2791
2799
2805
2774
2779
2743
2773
2729
2757
2771
2789
2825
2809
2823
2823
2831
2831
2839
2855
2837
2847
2827
2871
2831
2851
2858
2855
2897
2903
2915
2916
2921
2934
2943
3005
3079
3109
3093
3175
3189
3206
3211
3229
3227
3227
3241
3203
3175
3133
3083
3011
2919
2857
2759
2533
2493
2437
2375
2306
2237
2229
2199
2137
2086
2057
1989
1939
1871
1753
1702
1641
1587
1626
1567
1577
1590
1533
1375
1183
1529
1549
1453
1487
1561
1526
1567
1609
1507
1585
1503
1598
1535
1613
1597
1611
1641
1615
1613
1258
1647
1629
1620
1641
1397
1643
1639
1614
1611
1527
1489
1501
1477
1419
1377
1348
1311
1239
1009
1185
1160
1159
1149
1147
1155
1157
1059
1163
1171
1137
1133
1101
1099
1096
1060
1004
834
961
981
785
915
977
1005
966
943
799
927
918
918
933
819
916
904
915
924
895
915
921
913
934
922
928
967
984
904
1004
947
1013
1029
1035
944
999
1067
1067
1159
1128
1188
1002
1095
1223
1195
1273
1237
1311
1300
1337
1049
1347
1381
1377
1429
1449
1415
1271
1403
1525
1538
1563
1563
1574
1593
1597
1627
1611
1607
1594
1563
1637
1605
1635
1619
1627
1607
1614
1561
1577
1535
1541
1535
1519
1523
1284
1140
1513
1487
1527
1523
1525
1555
1559
1467
1364
1331
1579
1575
1582
1591
1211
1599
1613
1621
1615
1615
1615
1625
1621
1603
1631
1617
1613
1619
1637
1638
1655
1663
1701
1705
1613
1709
1633
1717
1754
1759
1769
1769
1749
1755
1766
1727
1740
1705
1521
1715
1718
1694
1666
1565
1674
1682
1686
1539
1690
1684
1699
1716
1697
1371
1709
1727
1727
1707
1565
1739
1735
1731
1743
1746
1529
1749
1719
1767
1766
1757
1767
1783
1775
1751
1755
1783
1779
1689
1662
1772
1767
1719
1733
1741
1693
1705
1305
1603
1581
1313
1471
1443
1421
1263
1430
1436
1419
1423
1327
1388
1425
1435
1431
1503
1543
1538
1566
1574
1623
1658
1671
1675
1691
1697
1701
1713
1717
1721
1715
1481
1709
1697
1533
1659
1439
1497
1677
1463
1695
1703
1716
1711
1719
1723
1715
1729
1731
1725
1711
1717
1710
1675
1717
1715
1725
1707
1709
1707
1691
1681
1671
1647
1653
1655
1677
1675
1701
1761
1787
1821
1835
1842
1767
1853
1858
1