3087
3135
3139
3157
3135
3115
3107
3063
3111
3175
3063
3135
3107
3171
3155
3063
3121
3063
3063
3167
3139
3127
3167
3106
3163
3095
3147
3091
3189
3107
3167
3073
3151
3079
3186
3126
3154
3139
3167
3173
3150
3095
3173
3070
3086
3179
3077
3071
3144
3063
3095
30711
0
0
2
7
13
4
0
3
7
12
0
9
6
15
0
6
2
7
7
12
13
10
0
6
0
0
8
2
3
8
10
11
13
0
4
9
5
8
7
7
9
3
6
2
5
8
4
5
7
7
9
8
5
8
7
5
9
20
6
6
4
0
5
6
15
6
5
9
7
14
0
5
9
5
5
8
2
10
12
3
7
6
6
10
8
5
9
10
5
2
6
0
2
2
6
0
4
14
7
8
9
9
7
5
4
7
7
11
5
0
4
8
2
2
5
6
5
0
3
5
4
14
4
6
12
0
5
3
4
16
0
7
6
6
5
7
9
11
2
7
0
5
5
6
8
0
10
16
13
7
6
8
4
5
0
0
5
6
12
11
10
13
0
14
6
8
5
7
2
4
9
7
4
8
6
6
9
5
1
3
1
4
9
6
4
0
8
4
5
6
4
0
8
0
3
1
9
10
6
13
5
5
3
15
0
0
0
11
4
0
8
6
4
0
8
2
8
11
2
6
5
2
13
4
8
14
8
6
7
7
3
9
4
1
5
16
1
16
2
15
10
5
11
1
7
0
8
0
6
4
0
2
6
13
16
7
0
5
8
8
0
7
0
8
4
18
0
3
13
10
6
4
4
7
9
4
1
0
3
4
4
0
8
0
8
8
3
7
6
6
6
8
2
12
8
2
8
7
8
9
4
10
10
12
10
13
0
0
4
5
8
9
6
15
0
10
10
7
10
5
8
4
4
10
0
0
7
6
2
6
0
0
1
0
0
9
6
7
12
5
8
12
2
6
2
0
4
8
0
12
15
10
4
8
4
7
3
0
8
9
4
6
14
7
9
2
0
2
5
8
8
2
11
3
8
0
8
8
0
6
3
13
12
0
12
5
7
5
24
4
6
1
2
13
7
2
8
0
5
0
7
3
8
15
15
10
10
10
4
7
4
9
5
1
2
6
11
7
6
2
6
8
0
5
0
16
0
1
3
14
9
1
0
8
2
0
0
0
4
16
6
2
8
10
5
1
5
0
0
8
2
9
7
4
8
5
4
0
8
9
2
8
92
282
394
514
510
666
897
963
1059
997
1327
1291
1537
1599
1718
1719
1871
1889
2011
2004
2149
2187
2257
2353
2331
2491
2523
2585
2671
2755
2773
2847
2797
2915
2869
2955
3031
3006
3081
3119
3055
3143
3086
3161
3135
3195
3119
3163
3211
3139
3227
3195
3183
3193
3155
3123
3191
3159
3151
3065
3130
3123
3107
3101
3077
3085
3043
3083
3007
3063
3047
3045
3083
2999
3029
2991
3055
3047
3071
3097
3059
3107
3123
3035
3095
3143
3095
3047
3119
3127
3083
3165
3183
3181
3191
3167
3135
3147
3191
3133
3135
3139
3187
3179
3213
3133
3154
3135
3183
3211
3151
3199
3155
3091
3163
3073
3113
3147
3127
3109
3014
3077
2985
2963
3003
3031
3003
3005
2921
2967
2946
2881
2962
2931
2957
2911
2909
2935
2927
2827
2899
2815
2879
2899
2859
2885
2869
2885
2787
2793
2882
2802
2823
2879
2851
2875
2821
2899
2799
2885
2909
2887
2867
2823
2891
2903
2941
2841
2919
2907
2887
2889
2875
2931
2949
2907
2987
2943
2995
2911
3007
2927
3011
3029
3031
3001
2963
3083
3075
3039
3071
3093
3029
3031
3129
3039
3115
3075
3161
3099
3063
3125
3167
3111
3162
3117
3181
3199
3215
3203
3219
3231
3155
3183
3165
3173
3191
3193
3167
3213
3225
3215
3159
3207
3149
3167
3103
3157
3123
3146
3115
3127
3051
3095
3063
3051
3021
3022
2891
2907
2905
2903
2855
2745
2799
2707
2711
2609
2631
2543
2501
2539
2515
2381
2457
2383
2363
2314
2303
2258
2265
2217
2053
2157
2085
2111
2089
1938
2023
1980
1971
1939
1983
1963
1967
1801
1887
1743
1919
1837
1859
1883
1686
1823
1729
1748
1679
1877
1855
1905
1889
1827
1838
1948
1947
1955
1991
2007
2025
1947
2015
2031
2094
1995
2079
2131
2137
2167
2167
2118
2233
2274
2285
2305
2287
2365
2303
2374
2307
2423
2431
2403
2429
2463
2491
2418
2437
2487
2517
2522
2511
2453
2525
2571
2559
2581
2583
2567
2487
2583
2563
2501
2527
2491
2563
2567
2557
2523
2567
2473
2555
2525
2495
2537
2479
2537
2527
2542
2505
2499
2503
2511
2398
2493
2459
2391
2467
2465
2423
2447
2341
2409
2421
2321
2426
2405
2307
2382
2383
2393
2387
2311
2267
2371
2269
2351
2357
2355
2281
2287
2329
2323
2367
2254
2351
2298
2330
2355
2397
2371
2391
2377
2379
2325
2413
2419
2413
2341
2451
2407
2423
2443
2442
2475
2458
2469
2471
2397
2475
2445
2463
2474
2394
2383
2383
2459
2471
2435
2441
2381
2439
2461
2483
2487
2467
2447
2489
2391
2457
2461
2487
2407
2411
2415
2427
2515
2431
2505
2522
2565
2583
2527
2589
2630
2641
2681
2643
2685
2739
2761
2687
2783
2803
2795
2767
2815
2885
2861
2839
2885
2877
2873
2947
2905
2919
2967
2997
3031
2974
2991
3011
2979
3043
3043
2983
3013
3025
2973
3011
2967
2947
2943
2963
2877
2935
2911
2821
2863
2775
2841
2811
2799
2725
2665
2751
2727
2635
2586
2667
2655
2632
2609
2593
2493
2501
2563
2549
2519
2515
2511
2533
2539
2457
2563
2553
2553
2559
2498
2551
2559
2571
2577
2621
2595
2655
2687
2741
2761
2679
2706
2719
2762
2805
2855
2762
2803
2783
2895
2857
2819
2893
2843
2923
2827
2855
2891
2887
2855
2887
2811
2865
2875
2787
2867
2763
2831
2811
2741
2777
2811
2719
2775
2783
2722
2767
2807
2711
2713
2760
2765
2805
2751
2807
2827
2853
2815
2855
2799
2831
2883
2915
2855
2939
2903
2981
2930
2979
3035
3079
3087
3074
3051
3131
3099
3155
3167
3195
3217
3231
3239
3267
3251
3269
3195
3219
3285
3263
3271
3271
3213
3191
3171
3219
3215
3187
3175
3165
3111
3175
3119
3071
3111
3071
3015
3101
2983
3035
3027
2935
2993
2991
2943
2877
2933
2931
2941
2847
2923
2907
2883
2855
2883
2879
2847
2815
2903
2907
2893
2869
2881
2883
2855
2919
2887
2779
2811
2783
2778
2711
2789
2765
2761
2797
2862
2887
3005
3031
3093
3153
3223
3263
3325
3311
3383
3539
3595
3635
3635
3785
3785
3815
3931
3989
3989
4055
4095
4095
4095
4095
4095
4095
4095
4095
4095
4095
4095
4095
4095
4095
4095
4095
4095
4095
4095
4095
4095
4095
4095
4095
4095
4095
4095
4095
4095
4095
4095
4095
4095
4095
4095
4095
4095
4095
4095
4095
4095
4095
4095
4095
4095
4095
4095
4095
4095
4095
4095
4095
4095
4095
4095
4095
4095
4095
4095
4095
4095
4095
4095
4095
4095
4095
4095
3814
3463
3377
3351
3337
3331
3327
3325
3327
3325
3326
3325
3325
3325
3323
3325
3325
3325
3325
3326
3325
3323
3325
3323
3327
3325
3327
3325
3325
3325
3325
3325
3327
3327
3325
3327
3325
3325
3326
3327
3327
3327
3327
3327
3327
3327
3327
3327
3327
3327
3325
3327
3327
3327
3325
3327
3327
3327
3327
3325
3327
3327
3327
3327
3327
3327
3327
3325
3327
3327
3327
3327
3327
3327
3327
3325
3327
3327
3327
3327
3325
3327
3327
3327
3327
3327
3327
3327
3327
3327
3327
3327
3331
3327
3327
3327
3327
3327
3327
3327
3327
3327
3327
3327
3327
3327
3327
3327
3327
3327
3327
3327
3327
3327
3327
3327
3327
3327
3327
3327
3327
3327
3327
3327
3325
3327
3327
3327
3327
3327
3327
3327
3327
3327
3327
3327
3327
3327
3327
3327
3327
3327
3327
3327
3327
3327
3327
3327
3327
3327
3327
3327
3327
3327
3327
3327
3325
3327
3327
3327
3327
3321
3327
3327
3327
3327
3327
3327
3327
3327
3327
3327
3327
3327
3327
3327
3327
3327
3327
3325
3327
3327
3327
3327
3327
3327
3327
3327
3327
3327
3327
3327
3327
3327
3325
3327
3327
3327
3327
3327
3327
3327
3327
3327
3327
3327
3327
3327
3327
3327
3327
3327
3327
3327
3327
3327
3327
3327
3327
3325
3327
3327
3327
3327
3327
3327
3327
3327
3327
3327
3327
3327
3327
3327
3327
3327
3325
3327
3327
3327
3327
3327
3327
3327
3327
3327
3327
3327
3387
4095
4095
4095
4095
4095
4095
4095
3861
3667
3399
3177
2949
2597
2339
2215
1989
1625
1593
1383
1085
938
656
430
182
9
6
4
0
6
12
4
3
4
4
7
8
7
20
5
5
10
6
5
6
8
8
2
2
6
2
7
4
8
3
6
5
9
8
1
11
9
8
6
9
9
0
2
9
4
8
8
3
10
0
4
1
6
0
6
7
5
5
9
9
68
219
220
360
402
501
490
569
726
754
728
895
902
1077
1079
1130
1237
1123
1218
1309
1319
1366
1157
1373
1365
1403
1343
1418
1307
1442
1333
1495
1306
1396
1461
1436
1197
1311
1167
1151
1301
1521
1509
1511
1585
1637
1679
1729
1585
1733
1867
1999
2078
2139
2137
2221
2393
2422
2547
2647
2683
2823
2931
3039
3047
3191
3279
3315
3477
3543
3635
3723
3799
3835
3951
3979
4095
4095
4095
4095
4095
4095
4095
4095
4095
4095
4095
4095
4095
4095
4095
4095
4095
4095
4095
4095
4095
4095
4095
4095
4095
4095
4095
4095
4095
4095
4095
4095
4095
4095
4095
4095
4095
4095
4095
4095
4095
4095
4095
4095
4095
4095
4095
4095
4095
4095
4095
4095
4095
4095
4095
4095
4095
4095
4095
4095
4093
4095
4095
4026
4051
3997
3963
3963
3869
3885
3799
3887
3763
3839
3823
3807
3803
3783
3795
3771
3695
3763
3755
3707
3773
3695
3731
3775
3775
3751
3775
3743
3813
3799
3813
3851
3869
3867
3919
3845
3903
3973
3981
3951
4047
4063
4027
4095
4071
4095
4095
4095
4095
4095
4095
4095
4095
4095
4095
4095
4095
4095
4095
4095
4095
4095
4095
4095
4095
4095
4095
4095
4095
4095
4095
4095
4095
4095
4095
4095
4095
4095
4095
4095
4095
4095
4095
4095
4095
4095
4095
4095
4095
4095
4095
4095
4095
4095
4095
4095
4093
4095
4095
4095
4095
4095
4077
4095
4095
4095
4095
4069
4061
4095
4095
4095
4093
4039
4037
4063
4023
4011
4009
4085
3991
3983
3999
4069
3965
4015
4043
3962
3955
4021
3991
3983
3987
3943
3911
3973
3919
3975
3983
3933
3931
4005
3991
4027
3987
3933
4007
4021
4029
4029
4015
3965
4023
3995
4045
4003
4005
4027
4049
3987
4063
4013
3967
3967
4027
4059
4059
4011
4007
3995
4045
4027
4019
4027
4031
3967
3983
3987
3963
3967
3943
4007
4027
3981
4015
4005
4019
3967
3951
4005
3981
3959
3983
3985
3981
3959
3899
3973
3959
3967
3959
3941
3863
3887
3831
3909
3885
3865
3855
3831
3851
3838
3799
3787
3767
3803
3755
3786
3735
3799
3775
3711
3701
3765
3762
3789
3773
3711
3779
3771
3759
3757
3733
3755
3731
3751
3770
3731
3725
3751
3742
3755
3705
3657
3729
3711
3679
3679
3683
3677
3655
3613
3605
3619
3583
3615
3591
3595
3581
3583
3565
3551
3543
3499
3551
3527
3482
3471
3541
3543
3519
3527
3519
3453
3507
3517
3543
3515
3499
3505
3551
3499
3517
3483
3499
3479
3559
3531
3551
3537
3571
3531
3583
3549
3565
3567
3535
3595
3531
3611
3591
3567
3607
3567
3571
3557
3603
3551
3579
3623
3619
3543
3571
3623
3629
3579
3579
3659
3581
3645
3559
3651
3637
3647
3599
3637
3637
3639
3575
3615
3559
3611
3647
3541
3591
3626
3567
3591
3607
3571
3593
3581
3503
3533
3423
3475
3455
3359
3403
3359
3339
3267
3229
3155
3151
3083
3039
2985
2943
2943
2839
2831
2807
2751
2699
2574
2573
2569
2511
2479
2449
2415
2354
2307
2315
2234
2275
2259
2202
2183
2197
2175
2165
2055
2171
2153
2163
2047
2123
2165
2041
2039
2167
2025
2217
2211
2229
2151
2237
2334
2341
2387
2369
2463
2507
2567
2614
2629
2641
2699
2759
2853
2899
2947
2943
3035
3047
3109
3107
3251
3269
3242
3279
3351
3359
3391
3499
3527
3531
3567
3611
3645
3687
3631
3731
3759
3741
3695
3711
3799
3775
3785
3797
3767
3751
3723
3701
3711
3755
3727
3717
3679
3613
3602
3583
3591
3591
3495
3551
3483
3485
3487
3459
3447
3415
3413
3383
3399
3385
3383
3375
3369
3349
3367
3279
3315
3351
3335
3351
3283
3339
3379
3379
3383
3409
3337
3391
3433
3423
3471
3486
3493
3403
3437
3475
3443
3431
3515
3501
3527
3499
3547
3475
3515
3535
3539
3509
3461
3469
3501
3529
3531
3507
3487
3471
3499
3491
3413
3437
3471
3475
3471
3407
3439
3415
3435
3427
3385
3447
3433
3388
3411
3383
3445
3471
3473
3483
3419
3419
3509
3443
3523
3487
3547
3535
3471
3507
3531
3587
3595
3551
3583
3610
3651
3567
3647
3579
3647
3683
3619
3679
3695
3639
3690
3703
3723
3667
3651
3743
3731
3687
3699
3723
3703
3789
3789
3819
3807
3759
3767
3827
3835
3855
3795
3879
3895
3903
3875
3903
3917
3919
3887
3895
3951
3971
3955
3967
3963
3951
3975
3963
3983
3967
3941
3907
3919
3939
3861
3933
3855
3939
3875
3863
3893
3839
3883
3887
3850
3823
3779
3807
3717
3767
3677
3727
3711
3679
3655
3677
3645
3627
3599
3655
3565
3627
3579
3563
3519
3483
3479
3535
3494
3509
3501
3479
3427
3463
3439
3401
3429
3469
3435
3419
3471
3423
3410
3387
3459
3463
3451
3407
3427
3487
3463
3483
3437
3509
3529
3533
3523
3531
3559
3501
3563
3579
3573
3527
3522
3591
3551
3607
3639
3647
3599
3661
3657
3691
3679
3683
3667
3673
3709
3659
3731
3703
3731
3679
3719
3731
3763
3687
3757
3775
3775
3741
3783
3797
3743
3779
3733
3753
3755
3791
3775
3771
3703
3787
3687
3701
3731
3759
3727
3743
3739
3685
3739
3721
3661
3675
3685
3629
3663
3695
3701
3703
3599
3629
3655
3621
3627
3663
3667
3659
3613
3647
3643
3643
3623
3655
3637
3647
3653
3619
3631
3661
3631
3597
3573
3663
3627
3667
3639
3675
3661
3719
3685
3643
3683
3685
3723
3685
3737
3741
3743
3707
3679
3753
3751
3757
3683
3773
3709
3779
3771
3759
3743
3743
3767
3719
3803
3815
3815
3823
3823
3821
3815
3827
3765
3807
3755
3847
3807
3801
3811
3831
3767
3805
3757
3827
3814
3743
3797
3811
3807
3763
3783
3789
3719
3779
3747
3769
3759
3763
3723
3743
3673
3677
3719
3719
3668
3653
3685
3639
3675
3711
3703
3671
3623
3703
3631
3679
3623
3631
3703
3691
3655
3687
3703
3657
3671
3691
3677
3703
3685
3645
3679
3701
3625
3641
3719
3645
3695
3663
3711
3651
3741
3679
3771
3747
3749
3687
3739
3702
3787
3735
3783
3735
3815
3822
3823
3790
3767
3853
3843
3875
3847
3895
3807
3842
3867
3813
3903
3887
3867
3831
3823
3819
3895
3897
3869
3827
3899
3927
3903
3839
3903
3845
3899
3831
3853
3915
3846
3893
3855
3895
3886
3815
3867
3831
3785
3783
3819
3787
3743
3747
3787
3811
3767
3803
3743
3735
3693
3763
3749
3763
3735
3679
3743
3735
3711
3657
3727
3679
3705
3703
3719
3719
3709
3727
3711
3739
3703
3727
3743
3703
3707
3703
3723
3771
3739
3723
3723
3735
3799
3775
3731
3807
3781
3787
3782
3807
3781
3823
3811
3805
3783
3839
3815
3853
3831
3839
3863
3831
3799
3877
3773
3879
3853
3791
3875
3863
3823
3875
3793
3799
3821
3839
3853
3843
3871
3865
3854
3871
3855
3815
3865
3853
3849
3863
3823
3877
3871
3871
3845
3839
3879
3863
3865
3871
3839
3805
3871
3859
3849
3791
3847
3774
3847
3711
3679
3593
3601
3571
3622
3579
3709
3698
3863
3903
4095
4095
4095
4095
4095
4095
4095
4095
4095
3543
3325
3323
3325
3325
3327
3327
3327
3327
3327
3325
3327
3327
3327
3327
3327
3327
3325
3327
3326
3325
3327
3327
3327
3327
3327
3327
3319
3325
3326
3327
3327
3327
3327
3327
3327
3327
3327
3319
3327
3327
3325
3327
3327
3327
3327
3327
3327
3327
3327
3327
3325
3327
3327
3327
3327
3327
3327
3325
3327
3327
3327
3327
3327
3327
3325
3327
3327
3327
3327
3327
3327
3327
3327
3327
3327
3327
3327
3327
3327
3327
3327
3327
3327
3327
3327
3323
3331
3327
3327
3327
3327
3327
3327
3327
3325
3327
3327
3327
3327
3327
3327
3327
3327
3327
3327
3327
3327
3327
3327
3327
3327
3327
3327
3327
3327
3327
3326
3327
3327
3327
3327
3326
3327
3327
3327
3326
3327
3327
3327
3327
3327
3327
3327
3327
3327
3327
3327
3327
3327
3327
3325
3327
3327
3327
3327
3327
3327
3327
3327
3327
3327
3327
3327
3327
3327
3327
3327
3327
3327
3327
3327
3327
3327
3327
3327
3327
3327
3327
3327
3327
3327
3327
3327
3327
3327
3327
3327
3327
3327
3327
3327
3327
3325
3327
3327
3327
3327
3331
3327
3327
3327
3327
3327
3327
3327
3327
3327
3327
3327
3327
3327
3327
3331
3327
3327
3327
3327
3327
3327
3327
3327
3327
3327
3327
3327
3327
3327
3327
3327
3327
3327
3325
3327
3327
3327
3327
3327
3327
3327
3327
3327
3327
3327
3327
3327
3327
3327
3329
3327
3327
3327
3327
3327
3327
3327
3327
3327
3327
3327
3327
3327
3327
3327
3327
3327
3322
3327
3327
3327
3327
3327
3327
3327
3327
3327
3327
3327
3327
3327
3327
3327
3327
3327
3327
3327
3327
3327
3325
3327
3327
3327
3327
3327
3327
3329
3327
3327
3327
3327
3327
3327
3327
3327
3327
3327
3327
3327
3327
3327
3327
3327
3327
3327
3327
3327
3327
3327
3327
3327
3327
3327
3327
3327
3327
3327
3327
3327
3327
3327
3327
3327
3327
3327
3327
3327
3329
3327
3327
3327
3327
3327
3327
3327
3327
3327
3325
3327
3327
3327
3327
3327
3327
3327
3327
3327
3327
3327
3327
3327
3327
3327
3327
3327
3327
3327
3327
3327
3327
3327
3327
3327
3327
3327
3327
3327
3327
3327
3327
3327
3327
3327
3327
3327
3327
3327
3325
3327
3327
3327
3327
3327
3327
3327
3327
3327
3325
3327
3327
3327
3327
3327
3327
3327
3327
3327
3327
3327
3327
3327
3330
3327
3327
3327
3327
3327
3327
3327
3327
3327
3327
3327
3327
3327
3327
3327
3327
3327
3327
3327
3327
3327
3327
3327
3325
3327
3327
3327
3327
3327
3327
3327
3327
3327
3327
3327
3325
3327
3325
3327
3327
3327
3327
3327
3327
3327
3327
3325
3327
3327
3327
3327
3327
3327
3327
3327
3327
3327
3327
3327
3327
3327
3327
3327
3327
3327
3327
3327
3327
3327
3327
3327
3327
3327
3327
3327
3327
3327
3327
3327
3327
3327
3323
3327
3327
3325
3327
3327
3327
3327
3327
3327
3327
3327
3327
3327
3327
3327
3325
3327
3327
3327
3325
3327
3327
3327
3327
3327
3327
3327
3325
3327
3327
3327
3327
3327
3327
3327
3327
3327
3327
3327
3327
3327
3327
3327
3327
3327
3327
3327
3327
3327
3327
3327
3327
3327
3327
3327
3327
3327
3327
3327
3327
3331
3327
3327
3327
3327
3327
3327
3327
3327
3326
3327
3327
3331
3327
3325
3327
3327
3327
3327
3327
3327
3327
3327
3327
3327
3327
3327
3327
3327
3327
3327
3327
3327
3327
3327
3327
3327
3327
3327
3327
3327
3327
3327
3327
3327
3327
3327
3327
3327
3327
3327
3327
3327
3327
3327
3327
3327
3327
3327
3327
3327
3327
3327
3327
3327
3327
3327
3327
3327
3327
3327
3327
3327
3327
3327
3327
3327
3327
3327
3327
3327
3327
3327
3327
3327
3327
3327
3327
3327
3327
3326
3327
3327
3327
3327
3327
3327
3327
3327
3327
3327
3327
3327
3327
3327
3327
3327
3327
3327
3327
3327
3327
3325
3327
3325
3327
3327
3327
3327
3327
3327
3327
3327
3327
3327
3327
3327
3327
3327
3327
3328
3327
3327
3327
3327
3327
3327
3327
3327
3327
3327
3327
3327
3327
3327
3327
3327
3327
3325
3327
3327
3327
3327
3327
3327
3327
3327
3327
3327
3327
3327
3327
3327
3327
3327
3327
3327
3327
3325
3327
3327
3327
3327
3327
3327
3327
3327
3327
3327
3327
3327
3327
3327
3327
3327
3328
3327
3327
3327
3327
3327
3327
3327
3327
3327
3327
3327
3327
3327
3327
3327
3327
3327
3327
3327
3327
3327
3327
3327
3327
3327
3327
3327
3327
3327
3327
3327
3327
3327
3327
3327
3327
3327
3327
3327
3327
3327
3327
3327
3327
3327
3327
3327
3327
3327
3327
3327
3327
3327
3327
3327
3327
3327
3327
3327
3327
3327
3327
3327
3327
3327
3327
3327
3327
3327
3327
3327
3327
3327
3327
3325
3327
3327
3327
3327
3327
3327
3327
3327
3326
3327
3327
3327
3327
3331
3327
3329
3327
3323
3327
3327
3327
3327
3327
3327
3327
3327
3325
3327
3327
3327
3327
3327
3327
3327
3327
3327
3327
3327
3327
3327
3327
3327
3323
3327
3327
3327
3327
3327
3327
3327
3327
3327
3327
3327
3327
3327
3327
3327
3331
3327
3327
3327
3327
3327
3329
3327
3327
3327
3327
3327
3327
3327
3327
3327
3327
3327
3327
3327
3327
3327
3327
3327
3327
3327
3327
3327
3327
3325
3327
3327
3325
3325
3327
3323
3327
3327
3327
3327
3327
3327
3327
3325
3325
3327
3327
3327
3327
3327
3327
3327
3327
3327
3327
3328
3327
3327
3327
3327
3327
3327
3327
3327
3327
3327
3327
3327
3327
3327
3327
3327
3327
3327
3327
3327
3327
3327
3327
3327
3327
3325
3327
3327
3327
3327
3327
3327
3327
3327
3325
3327
3327
3326
3327
3327
3327
3327
3327
3327
3327
3327
3327
3327
3327
3327
3327
3327
3327
3327
3327
3327
3327
3327
3327
3327
3327
3327
3327
3327
3328
3327
3327
3327
3323
3327
3327
3327
3327
3327
3327
3327
3327
3331
3327
3327
3327
3327
3327
3327
3327
3326
3327
3327
3327
3327
3327
3327
3327
3327
3327
3327
3327
3327
3327
3327
3327
3327
3327
3327
3327
3327
3327
3327
3327
3327
3327
3327
3327
3327
3327
3327
3327
3327
3327
3327
3327
3327
3327
3327
3327
3327
3327
3327
3327
3327
3327
3325
3327
3327
3327
3327
3327
3327
3327
3325
3327
3327
3331
3327
3327
3327
3327
3327
3327
3327
3327
3327
3327
3327
3327
3327
3327
3327
3327
3327
3327
3325
3327
3325
3325
3327
3327
3327
3325
3327
3327
3327
3327
3327
3327
3327
3325
3327
3327
3327
3327
3327
3325
3327
3327
3327
3327
3327
3327
3327
3327
3327
3327
3327
3327
3327
3327
3327
3327
3327
3327
3327
3327
3327
3327
3327
3327
3327
3327
3327
3327
3327
3327
3327
3327
3327
3327
3327
3327
3327
3327
3327
3327
3327
3327
3327
3327
3327
3327
3327
3327
3325
3327
3327
3327
3327
3327
3327
3327
3327
3327
3327
3327
3327
3327
3327
3327
3327
3327
3327
3327
3327
3327
3327
3327
3327
3327
3327
3327
3327
3327
3327
3327
3327
3327
3327
3327
3327
3327
3327
3327
3327
3327
3327
3327
3327
3327
3327
3327
3327
3327
3327
3327
3327
3327
3327
3327
3327
3327
3327
3327
3327
3327
3327
3327
3327
3327
3325
3327
3327
3327
3327
3327
3327
3327
3327
3327
3327
3327
3327
3327
3327
3327
3327
3327
3327
3327
3327
3327
3325
3327
3327
3327
3327
3327
3327
3325
3327
3327
3327
3327
3327
3327
3327
3327
3327
3327
3327
3327
3327
3327
3327
3327
3327
3327
3327
3327
3327
3327
3327
3327
3327
3327
3327
3327
3327
3327
3327
3327
3327
3327
3327
3327
3327
3327
3327
3327
3327
3327
3327
3327
3327
3327
3327
3327
3327
3327
3327
3327
3327
3327
3327
3327
3323
3331
3327
3327
3327
3327
3327
3327
3327
3327
3327
3327
3327
3327
3327
3331
3327
3327
3327
3327
3327
3327
3327
3327
3327
3327
3327
3327
3327
3327
3327
3327
3327
3327
3327
3327
3327
3327
3327
3327
3327
3327
3327
3327
3327
3327
3327
3327
3327
3325
3327
3327
3327
3327
3327
3327
3327
3327
3327
3327
3327
3327
3327
3327
3331
3327
3327
3327
3329
3327
3327
3327
3327
3327
3327
3327
3327
3327
3321
3327
3327
3327
3327
3327
3329
3327
3327
3327
3327
3327
3327
3327
3327
3327
3327
3327
3327
3327
3327
3327
3327
3331
3327
3327
3327
3327
3327
3327
3327
3327
3327
3327
3327
3327
3327
3327
3327
3327
3327
3327
3331
3327
3325
3327
3327
3327
3327
3327
3325
3327
3327
3327
3327
3327
3327
3327
3327
3327
3327
3327
3327
3327
3327
3327
3327
3325
3327
3327
3327
3327
3327
3327
3327
3327
3327
3327
3323
3327
3327
3327
3327
3327
3327
3327
3327
3327
3327
3327
3327
3327
3327
3327
3327
3327
3329
3327
3327
3327
3327
3327
3327
3327
3327
3327
3327
3327
3327
3327
3327
3327
3327
3327
3327
3327
3327
3331
3327
3327
3327
3327
3327
3327
3327
3327
3327
3327
3327
3327
3327
3327
3327
3327
3327
3327
3327
3327
3327
3327
3327
3327
3327
3327
3327
3327
3327
3327
3327
3327
3327
3327
3327
3327
3327
3327
3327
3327
3327
3327
3327
3327
3327
3327
3327
3327
3327
3327
3327
3327
3327
3327
3327
3327
3327
3327
3327
3327
3323
3327
3327
3331
3327
3327
3331
3327
3325
3327
3327
3327
3327
3327
3327
3327
3327
3327
3327
3325
3327
3327
3327
3327
3327
3327
3327
3327
3327
3327
3327
3327
3327
3327
3327
3327
3327
3327
3327
3327
3327
3329
3327
3327
3327
3327
3327
3327
3327
3327
3327
3327
3327
3327
3327
3327
3327
3327
3327
3327
3327
3327
3327
3327
3327
3327
3327
3327
3327
3327
3327
3325
3327
3327
3327
3327
3327
3325
3327
3327
3327
3327
3327
3327
3327
3327
3327
3327
3327
3327
3327
3327
3327
3327
3323
3327
3325
3327
3327
3327
3327
3327
3327
3327
3327
3323
3327
3327
3327
3327
3327
3325
3327
3327
3327
3327
3327
3327
3325
3327
3327
3327
3327
3331
3327
3327
3327
3327
3327
3327
3327
3327
3327
3327
3327
3327
3327
3327
3327
3327
3327
3327
3327
3327
3327
3327
3327
3327
3328
3327
3327
3327
3327
3327
3327
3327
3323
3327
3327
3327
3327
3327
3327
3327
3327
3327
3327
3327
3327
3325
3327
3325
3327
3327
3327
3327
3327
3327
3327
3327
3327
3327
3327
3327
3327
3327
3327
3327
3327
3327
3327
3327
3327
3327
3327
3327
3327
3327
3327
3327
3327
3327
3327
3327
3327
3327
3327
3327
3327
3327
3327
3327
3327
3331
3327
3327
3327
3327
3327
3327
3327
3329
3327
3327
3327
3327
3327
3327
3327
3327
3327
3327
3327
3327
3327
3327
3327
3331
3327
3327
3327
3327
3327
3327
3327
3327
3327
3327
3327
3327
3327
3327
3327
3331
3327
3327
3327
3327
3327
3327
3327
3327
3327
3327
3327
3327
3327
3327
3327
3327
3327
3327
3327
3327
3327
3327
3327
3327
3327
3325
3327
3327
3327
3327
3327
3327
3327
3327
3327
3327
3327
3327
3327
3327
3327
3327
3327
3327
3327
3327
3331
3327
3327
3327
3327
3331
3327
3327
3327
3327
3327
3327
3327
3327
3327
3327
3327
3327
3327
3327
3327
3327
3327
3327
3327
3327
3327
3327
3327
3327
3327
3327
3327
3327
3327
3327
3327
3327
3327
3327
3327
3329
3327
3327
3327
3327
3327
3327
3327
3327
3327
3327
3327
3327
3327
3327
3327
3327
3327
3327
3327
3327
3327
3327
3327
3327
3327
3327
3327
3323
3327
3327
3333
3327
3327
3327
3327
3327
3331
3327
3327
3327
3327
3327
3327
3327
3327
3327
3327
3327
3327
3327
3327
3327
3327
3327
3327
3327
3327
3327
3327
3327
3327
3327
3327
3327
3327
3327
3327
3327
3327
3327
3327
3327
3327
3327
3327
3327
3327
3327
3327
3327
3327
3327
3327
3327
3327
3327
3327
3327
3327
3327
3327
3327
3327
3327
3327
3327
3327
3327
3327
3327
3327
3327
3327
3327
3327
3327
3327
3327
3327
3327
3327
3327
3327
3327
3327
3327
3327
3327
3327
3327
3327
3328
3327
3327
3327
3327
3327
3327
3327
3327
3327
3327
3327
3327
3327
3327
3327
3327
3327
3327
3327
3327
3327
3327
3327
3327
3327
3327
3327
3325
3327
3327
3327
3327
3327
3327
3329
3333
3327
3327
3327
3327
3327
3327
3327
3327
3327
3323
3327
3327
3327
3327
3327
3327
3327
3327
3327
3327
3327
3327
3329
3327
3327
3327
3327
3327
3327
3327
3327
3327
3327
3327
3327
3327
3327
3327
3327
3327
3327
3327
3327
3327
3327
3327
3327
3327
3327
3327
3327
3327
3327
3327
3327
3327
3327
3327
3327
3327
3327
3333
3327
3327
3327
3327
3327
3327
3327
3327
3327
3327
3327
3327
3327
3327
3327
3327
3327
3331
3327
3327
3327
3327
3327
3327
3327
3331
3327
3327
3327
3327
3327
3327
3327
3327
3329
3327
3327
3327
3327
3327
3327
3327
3327
3327
3327
3327
3327
3327
3327
3327
3327
3327
3327
3327
3327
3327
3327
3327
3327
3327
3327
3325
3327
3327
3327
3327
3327
3327
3327
3327
3327
3327
3327
3327
3327
3327
3333
3327
3327
3327
3327
3327
3327
3327
3327
3327
3327
3327
3327
3325
3327
3327
3327
3327
3327
3327
3327
3327
3327
3327
3327
3327
3327
3327
3327
3327
3327
3327
3327
3327
3327
3327
3327
3327
3327
3327
3325
3327
3327
3327
3327
3327
3327
3327
3329
3327
3327
3327
3327
3327
3327
3327
3327
3327
3327
3327
3327
3327
3327
3327
3327
3327
3327
3327
3327
3327
3327
3327
3327
3327
3327
3327
3327
3327
3327
3327
3327
3327
3327
3327
3327
3323
3327
3327
3327
3327
3327
3325
3331
3327
3331
3327
3327
3331
3327
3331
3327
3327
3327
3327
3327
3327
3327
3327
3327
3327
3327
3327
3327
3327
3327
3327
3327
3327
3325
3327
3327
3327
3327
3327
3327
3327
3327
3327
3327
3327
3327
3327
3327
3327
3327
3327
3327
3327
3327
3327
3327
3327
3327
3327
3327
3323
3327
3327
3327
3327
3327
3327
3327
3327
3327
3327
3327
3327
3327
3327
3327
3327
3327
3327
3327
3327
3327
3327
3327
3327
3327
3327
3327
3327
3327
3327
3327
3327
3327
3327
3327
3327
3327
3327
3327
3327
3329
3327
3327
3327
3327
3327
3327
3327
3327
3331
3327
3327
3327
3327
3327
3331
3331
3327
3327
3327
3327
3327
3327
3327
3331
3327
3327
3327
3329
3327
3325
3327
3331
3327
3327
3327
3327
3327
3327
3327
3327
3327
3327
3327
3327
3327
3327
3327
3327
3327
3327
3327
3327
3327
3327
3327
3327
3327
3327
3327
3327
3331
3327
3327
3327
3327
3327
3327
3327
3327
3327
3327
3327
3327
3327
3327
3327
3327
3327
3327
3327
3327
3327
3327
3327
3327
3327
3327
3327
3327
3327
3327
3327
3327
3327
3327
3327
3327
3327
3327
3327
3327
3327
3327
3327
3327
3327
3327
3323
3327
3327
3327
3327
3327
3327
3327
3327
3327
3327
3327
3327
3327
3327
3329
3327
3327
3327
3327
3327
3327
3327
3327
3327
3327
3327
3327
3327
3327
3327
3327
3327
3327
3327
3327
3327
3327
3327
3327
3327
3327
3327
3327
3327
3327
3327
3327
3327
3327
3327
3327
3327
3327
3327
3327
3327
3327
3327
3327
3327
3327
3331
3323
3325
3327
3327
3327
3327
3327
3327
3327
3327
3327
3327
3327
3327
3327
3327
3327
3327
3327
3327
3327
3329
3327
3327
3327
3327
3327
3327
3327
3327
3327
3327
3327
3327
3327
3327
3327
3327
3327
3327
3327
3327
3327
3327
3327
3327
3331
3327
3327
3327
3327
3327
3327
3327
3327
3327
3331
3327
3327
3327
3327
3327
3327
3327
3327
3327
3327
3327
3327
3327
3327
3327
3327
3327
3327
3327
3327
3327
3327
3327
3327
3327
3327
3327
3327
3327
3327
3327
3325
3327
3327
3330
3327
3327
3327
3327
3327
3327
3327
3327
3327
3327
3327
3327
3327
3327
3327
3327
3327
3327
3327
3327
3329
3327
3327
3327
3327
3327
3327
3327
3327
3327
3327
3330
3327
3327
3327
3327
3327
3327
3323
3327
3327
3327
3327
3327
3327
3327
3327
3327
3327
3327
3327
3327
3327
3327
3327
3327
3323
3327
3327
3327
3327
3327
3327
3327
3327
3327
3327
3327
3327
3327
3327
3328
3327
3327
3327
3327
3327
3327
3327
3327
3327
3327
3327
3327
3327
3327
3327
3327
3327
3327
3327
3327
3327
3327
3327
3327
3327
3327
3327
3327
3327
3327
3327
3327
3327
3327
3327
3327
3327
3327
3327
3327
3327
3327
3327
3327
3327
3327
3327
3327
3327
3327
3327
3327
3327
3327
3327
3327
3327
3327
3327
3327
3327
3327
3327
3327
3327
3327
3327
3327
3327
3327
3327
3327
3327
3327
3327
3327
3327
3327
3327
3327
3329
3327
3327
3327
3327
3327
3327
3327
3327
3327
3327
3327
3327
3327
3327
3327
3327
3327
3331
3327
3327
3327
3330
3329
3327
3327
3327
3327
3327
3327
3327
3327
3327
3327
3327
3327
3327
3327
3327
3327
3325
3327
3327
3327
3327
3327
3327
3327
3327
3327
3327
3327
3327
3327
3327
3327
3327
3327
3329
3327
3329
3327
3327
3327
3327
3327
3326
3327
3327
3327
3327
3327
3327
3327
3327
3327
3327
3327
3327
3327
3333
3327
3327
3327
3327
3327
3327
3327
3327
3327
3327
3327
3327
3327
3327
3327
3327
3327
3327
3327
3327
3327
3327
3327
3327
3327
3327
3327
3327
3327
3327
3327
3327
3327
3327
3327
3327
3327
3327
3327
3327
3327
3327
3327
3327
3327
3327
3327
3325
3327
3327
3327
3329
3327
3327
3327
3327
3327
3326
3327
3327
3327
3327
3327
3327
3327
3329
3327
3327
3327
3327
3331
3327
3327
3327
3327
3327
3323
3327
3327
3327
3325
3327
3327
3327
3327
3327
3327
3327
3327
3325
3327
3327
3325
3327
3327
3327
3327
3327
3327
3327
3327
3327
3327
3327
3327
3327
3326
3327
3327
3327
3327
3331
3327
3327
3327
3327
3327
3327
3327
3327
3327
3331
3325
3327
3327
3327
3327
3327
3327
3327
3327
3327
3327
3327
3327
3327
3327
3327
3327
3327
3327
3327
3327
3327
3327
3327
3327
3327
3327
3327
3327
3327
3327
3327
3327
3329
3327
3327
3327
3327
3327
3327
3327
3327
3327
3327
3327
3327
3327
3327
3323
3323
3327
3327
3327
3327
3327
3327
3327
3327
3327
3327
3327
3327
3327
3327
3327
3327
3327
3327
3327
3327
3327
3327
3327
3327
3327
3327
3327
3327
3327
3327
3327
3327
3327
3331
3327
3327
3327
3327
3327
3327
3327
3327
3327
3327
3327
3327
3327
3327
3327
3325
3327
3327
3327
3327
3327
3327
3327
3327
3331
3327
3327
3327
3327
3327
3327
3327
3327
3327
3331
3327
3327
3327
3327
3327
3327
3327
3327
3327
3327
3327
3327
3327
3327
3327
3327
3327
3327
3327
3327
3327
3327
3327
3327
3327
3327
3327
3327
3329
3327
3327
3327
3327
3327
3327
3327
3327
3327
3327
3327
3327
3327
3327
3327
3327
3327
3327
3327
3327
3327
3327
3327
3327
3327
3327
3327
3327
3327
3327
3331
3327
3327
3325
3327
3327
3327
3323
3327
3327
3327
3327
3327
3327
3327
3327
3327
3327
3327
3331
3327
3327
3327
3327
3327
3327
3327
3327
3327
3327
3325
3327
3327
3327
3327
3327
3327
3327
3327
3327
3327
3327
3327
3327
3327
3325
3327
3327
3327
3327
3327
3327
3327
3327
3331
3327
3327
3327
3327
3327
3327
3327
3327
3327
3327
3327
3327
3327
3327
3327
3327
3327
3327
3327
3327
3327
3327
3329
3327
3327
3327
3327
3327
3327
3327
3327
3327
3327
3327
3331
3327
3323
3327
3327
3327
3327
3327
3327
3327
3327
3327
3327
3327
3329
3327
3327
3331
3327
3327
3339
3401
4095
4095
4095
4095
4095
4095
4095
4095
4095
4095
4095
4095
4095
4095
3961
3871
3895
3839
3887
3931
3959
4061
4095
4095
4095
4095
4095
4095
4095
4095
4095
4095
4095
4095
4095
4095
4095
4095
4095
4095
4095
4095
4095
4095
4095
4095
4095
4095
4095
4095
4095
4095
3919
3751
3605
3515
3363
3255
3247
3127
3059
2983
2975
2995
3087
3163
3247
3231
3311
3379
3493
3557
3565
3667
3711
3661
3639
3647
3573
3591
3487
3463
3479
3461
3445
3339
3315
3295
3157
3077
3071
2975
2855
2854
2851
2719
2737
2607
2551
2564
2510
2487
2475
2445
2371
2423
2441
2427
2375
2347
2335
2247
2244
2291
2311
2299
2239
2257
2167
2225
2245
2228
2171
2153
2143
2037
2053
1996
2007
1995
1875
1945
1959
1831
1831
1559
1651
1587
1295
1395
1314
1267
1031
1117
1062
999
883
819
682
737
569
616
575
553
541
507
391
496
408
443
451
403
447
462
436
453
429
424
463
443
494
581
522
623
609
517
532
545
572
559
553
627
542
533
656
553
681
698
729
699
704
791
773
755
883
1018
923
1033
940
1113
1015
1046
1237
1290
1210
1233
1275
1275
1358
1340
1363
1213
1306
1431
1307
1234
1353
1291
1217
1355
1501
1469
1597
1583
1575
1617
1607
1625
1630
1451
1687
1733
1667
1611
1540
1589
1687
1418
1658
1551
1389
1515
1503
1174
1327
1304
1195
1303
1228
1006
1145
925
1047
1015
862
723
850
779
729
659
517
511
517
409
435
375
364
356
314
310
219
170
221
201
197
153
118
90
128
103
96
81
94
39
47
99
43
109
61
80
142
157
162
117
174
147
173
190
199
172
255
266
211
300
289
318
315
230
229
293
333
280
305
356
265
351
369
326
242
242
308
215
242
312
312
303
283
234
325
238
238
242
318
306
324
337
315
238
306
297
220
285
266
261
215
228
178
101
140
106
140
44
63
54
7
3
6
5
5
7
0
6
8
0
4
4
5
5
7
0
9
5
2
0
13
5
6
6
4
6
4
4
6
0
5
0
10
0
14
5
5
8
6
6
0
5
4
11
13
14
2
10
0
0
4
5
4
13
7
32
4
8
4
7
7
13
8
8
10
0
10
6
5
3
7
0
14
5
6
5
0
4
9
9
4
5
9
12
9
6
6
14
0
2
3
8
5
2
2
4
0
9
8
6
16
0
5
0
6
1
0
17
5
9
4
4
8
12
3
4
4
7
11
8
4
8
7
13
5
0
5
6
2
2
4
4
12
10
6
4
0
13
9
0
14
2
8
8
6
2
11
0
8
9
7
0
9
7
0
1
4
9
11
5
3
0
0
6
4
8
0
5
6
10
8
8
12
1
9
0
0
4
2
5
5
8
0
8
8
5
4
2
8
6
16
2
0
6
5
8
8
0
1
21
5
8
10
5
2
9
9
5
5
7
0
6
2
0
5
9
6
0
1
9
9
6
1
0
14
12
0
6
6
15
4
4
15
16
4
6
7
5
0
1
2
3
6
0
0
4
0
5
0
0
4
2
3
5
7
5
11
8
12
9
0
5
6
0
0
6
4
14
6
3
0
4
3
13
9
0
5
7
15
5
4
3
5
6
5
7
7
5
7
26
0
15
0
5
9
5
16
2
0
5
0
8
5
10
0
14
12
9
3
6
0
4
4
6
8
14
5
3
5
0
6
0
13
5
13
5
0
4
5
9
5
14
4
6
0
12
0
12
0
9
8
3
8
7
5
7
7
2
8
2
3
7
0
5
0
8
4
8
6
12
7
5
13
5
1
8
3
0
7
0
7
7
6
9
1
0
0
0
5
6
7
8
10
8
1
0
9
0
3
8
9
2
1
8
0
9
9
7
10
4
1
10
0
2
9
17
3
8
17
4
17
1
4
8
8
14
3
4
8
8
2
4
18
3
8
5
14
12
9
12
8
18
7
9
7
6
0
2
12
135
180
200
208
173
280
323
297
288
372
303
341
382
406
351
449
441
446
383
405
478
421
419
469
477
403
470
431
479
387
481
514
476
511
412
462
491
491
439
493
389
383
469
457
491
406
373
447
443
383
358
455
398
438
430
381
376
444
428
455
468
411
482
509
506
458
591
595
636
589
502
511
615
630
668
697
716
784
835
790
1029
881
946
1109
1165
1219
1333
1359
1196
1265
1361
1196
1465
1465
1285
1405
1417
1279
1411
1371
1309
1499
1319
1500
1427
1413
1515
1479
1523
1457
1557
1522
1558
1544
1490
1255
1452
1471
1461
1325
1399
1285
1391
1382
1299
1213
1079
1110
991
1028
1027
856
919
887
888
844
764
726
643
577
467
529
483
439
376
380
343
349
311
234
222
187
183
222
138
204
159
146
105
159
122
133
164
179
209
187
249
261
175
252
246
249
258
358
349
467
509
539
565
574
560
658
662
663
841
706
722
871
865
801
881
887
839
919
758
746
874
822
900
762
839
845
838
698
684
683
765
764
733
721
729
687
625
647
593
505
528
561
528
466
499
451
475
510
498
398
402
451
515
467
493
512
544
534
549
502
503
486
603
539
555
621
634
671
633
665
667
662
674
698
582
705
690
695
587
641
599
619
707
593
610
721
623
711
673
717
592
699
695
655
635
653
557
677
646
586
609
618
637
597
594
516
604
582
501
513
551
439
463
438
470
493
376
416
432
445
470
509
468
549
619
528
620
686
729
665
682
832
878
939
838
939
916
1121
1024
1050
1145
1333
1325
1423
1431
1451
1453
1365
1356
1369
1398
1318
1227
1121
1213
1327
1301
1262
994
1119
1142
1085
1085
977
999
885
923
885
701
801
806
733
652
717
629
642
641
523
572
506
550
518
495
408
466
386
443
417
406
342
362
437
422
420
393
356
411
397
459
374
473
420
453
478
464
402
511
386
464
441
406
449
503
619
541
598
528
720
739
835
852
747
970
1007
834
958
919
1001
1083
973
838
899
867
812
599
643
517
443
323
341
267
209
146
18
10
3
3
2
6
8
14
12
4
0
12
3
7
8
2
7
9
8
0
6
7
0
16
12
11
5
5
7
2
5
7
8
6
6
6
4
0
0
5
6
1
0
8
0
0
8
6
8
2
6
2
14
11
5
5
5
6
161
245
333
425
497
477
536
569
633
765
743
811
851
948
918
846
974
981
1071
1109
981
1051
1101
873
1079
1043
833
1017
963
877
772
859
787
681
690
675
568
551
493
543
495
450
421
373
310
316
238
264
138
204
206
169
138
85
86
66
23
9
7
6
8
5
8
5
0
6
2
2
26
88
99
134
221
234
351
303
495
461
599
688
807
911
995
1137
1214
1170
1373
1429
1315
1423
1463
1623
1613
1604
1570
1691
1691
1565
1743
1723
1604
1646
1515
1485
1675
1635
1564
1587
1541
1486
1475
1319
1389
1321
1137
1285
1187
1009
1069
1089
1018
909
898
977
815
971
931
767
807
754
771
801
731
711
659
548
646
599
552
464
459
418
409
375
282
254
263
190
178
115
152
127
103
22
8
12
6
6
0
7
5
0
4
9
7
7
1
0
4
8
0
8
6
178
228
355
375
375
444
545
